last_chance_experiments/smoothing_DEMS/lc1_dem.txt
ncols	164																																																																																																																																																																		
nrows	223																																																																																																																																																																		
xllcorner	527068.107																																																																																																																																																																		
yllcorner	3564580.539																																																																																																																																																																		
cellsize	10																																																																																																																																																																		
NODATA_value	-9999																																																																																																																																																																		
[rows 64 to 95 of 223, columns 71 to 141 of 164]
-9999 -9999 -9999 -9999 -9999 -9999 -9999 -9999 -9999 -9999 -9999 -9999 -9999 -9999 -9999 -9999 1666.959 1666.833 1666.695 1666.489 1666.288 1666.045 1665.773 1665.516 1665.184 1664.803 1663.62 1661.185 1658.556 1654.86 1650.745 1645.743 1636.679 1628.715 1620.929 1611.561 1606.176 1603.111 1602.778 1609.149 1619.124 1632.217 1638.668 1643.812 1648.685 1652.397 1656.172 1659.278 1661.777 1663.116 1664.065 1664.432 1664.435 1664.599 1664.748 1665.188 1665.378 1665.654 1666.158 1666.634 1667.49 1667.605 1667.902 1668.112 1668.62 1669.533 1669.937 1669.928 1669.633 1669.816 1670.281
-9999 -9999 -9999 -9999 -9999 -9999 -9999 -9999 -9999 -9999 -9999 -9999 -9999 -9999 -9999 -9999 1667.264 1667.194 1666.937 1666.776 1666.582 1666.421 1666.166 1665.749 1665.339 1664.833 1663.623 1661.121 1658.51 1654.918 1650.95 1645.873 1637.578 1630.288 1621.46 1612.116 1607.443 1603.794 1604.922 1612.72 1624.142 1636.381 1643.83 1647.849 1651.351 1655.073 1658.367 1661.249 1663.103 1663.792 1664.248 1664.527 1664.749 1664.939 1665.424 1666.172 1666.02 1666.622 1666.821 1667.558 1668.009 1668.208 1668.391 1668.758 1669.204 1669.62 1670.072 1670.021 1670.242 1671.097 1670.742
-9999 -9999 -9999 -9999 -9999 -9999 -9999 -9999 -9999 -9999 -9999 -9999 -9999 -9999 -9999 -9999 1667.356 1667.207 1667.149 1667.017 1666.992 1666.578 1666.354 1666.012 1665.637 1664.981 1663.875 1661.367 1658.906 1655.243 1651.468 1646.681 1639.392 1631.877 1621.258 1612.483 1608.51 1605.307 1610.755 1616.786 1625.255 1635.767 1646.159 1650.231 1653.939 1657.492 1660.512 1662.704 1663.983 1664.399 1664.938 1665.168 1665.112 1665.29 1665.542 1665.926 1666.455 1666.878 1667.421 1668.354 1668.72 1668.808 1669.068 1669.346 1670.418 1670.266 1670.155 1670.67 1670.706 1671.381 1671.758
-9999 -9999 -9999 -9999 -9999 -9999 -9999 -9999 -9999 -9999 -9999 -9999 -9999 -9999 -9999 -9999 1667.811 1667.341 1667.302 1667.229 1667.047 1666.952 1666.614 1666.215 1665.858 1665.199 1663.996 1661.571 1659.076 1655.6 1651.765 1647.44 1640.485 1631.837 1621.327 1612.587 1608.089 1609.118 1614.529 1620.467 1626.839 1635.545 1647.154 1651.742 1655.96 1659.469 1662.277 1663.908 1664.486 1665.005 1665.674 1665.467 1665.461 1665.808 1666.123 1667.452 1667.72 1668.037 1668.892 1668.297 1668.837 1669.14 1669.513 1670.094 1670.057 1670.226 1670.449 1671.312 1671.252 1671.606 1671.718
-9999 -9999 -9999 -9999 -9999 -9999 -9999 -9999 -9999 -9999 -9999 -9999 -9999 -9999 -9999 1667.868 1667.7 1667.602 1667.6 1667.662 1667.215 1667.055 1666.796 1666.443 1666.015 1665.378 1664.042 1661.553 1658.897 1655.167 1651.632 1647.53 1640.02 1631.967 1620.666 1610.647 1610.243 1612.278 1617.369 1623.447 1630.746 1638.406 1646.973 1652.4 1657.118 1660.842 1663.466 1664.674 1665.202 1665.651 1665.985 1666.137 1666.063 1666.187 1666.815 1667.956 1668.025 1668.716 1668.88 1669.451 1669.484 1669.71 1670.21 1670.473 1671.32 1670.692 1671.064 1671.48 1671.654 1672.029 1672.552
-9999 -9999 -9999 -9999 -9999 -9999 -9999 -9999 -9999 -9999 -9999 -9999 -9999 -9999 1668.105 1668.102 1667.971 1667.79 1668.228 1667.68 1667.416 1667.256 1667.019 1666.668 1666.114 1665.553 1663.896 1661.194 1658.271 1654.185 1650.443 1645.262 1637.383 1630.197 1618.509 1611.734 1611.93 1615.975 1620.91 1625.616 1631.708 1638.494 1646.465 1652.904 1657.838 1661.846 1664.248 1665.203 1666.167 1665.995 1665.994 1666.123 1666.633 1666.862 1667.593 1667.885 1668.872 1669.499 1669.546 1669.917 1670.345 1670.759 1671.066 1670.683 1670.997 1671.463 1671.647 1672.096 1672.551 1672.634 1673.213
-9999 -9999 -9999 -9999 -9999 -9999 -9999 -9999 -9999 -9999 -9999 -9999 -9999 1668.305 1668.437 1668.271 1668.424 1667.956 1668.013 1667.821 1667.864 1667.839 1667.335 1666.961 1666.248 1665.41 1663.197 1660.394 1656.915 1652.863 1648.362 1641.888 1634.807 1626.125 1618.193 1613.624 1615.088 1620.481 1624.976 1629.888 1634.888 1640.093 1647.244 1653.774 1658.688 1663.325 1665.268 1665.675 1666.148 1666.202 1666.715 1667.077 1667.26 1667.718 1668.519 1668.958 1668.88 1669.232 1669.942 1670.637 1670.952 1671.066 1671.458 1672.648 1672.125 1672.297 1672.22 1672.396 1672.948 1673.483 1673.81
-9999 -9999 -9999 -9999 -9999 -9999 -9999 -9999 -9999 -9999 -9999 -9999 1668.516 1668.557 1668.447 1668.448 1668.278 1668.132 1668.043 1667.892 1667.783 1667.966 1667.366 1667.026 1666.319 1665.047 1662.371 1659.369 1655.376 1651.412 1645.741 1638.744 1632.598 1624.122 1618.343 1614.495 1618.219 1623.814 1628.868 1633.613 1638.349 1643.343 1649.633 1655.303 1660.049 1663.842 1665.99 1666.556 1666.836 1666.875 1667.342 1667.489 1667.91 1668.165 1669.267 1668.772 1669.785 1670.177 1671.103 1671.21 1671.989 1671.57 1672.311 1672.519 1672.855 1673.073 1672.79 1672.986 1673.938 1674.075 1674.344
-9999 -9999 -9999 -9999 -9999 -9999 -9999 -9999 -9999 -9999 -9999 1668.809 1668.619 1668.638 1668.617 1668.569 1668.53 1668.43 1668.265 1668.094 1668.174 1667.847 1667.535 1667.038 1666.316 1664.551 1661.603 1658.227 1653.85 1649.283 1642.751 1636.316 1630.101 1622.156 1618.058 1617.939 1622.61 1628.505 1633.188 1637.571 1642.465 1647.715 1653.061 1657.639 1661.906 1664.902 1666.142 1666.539 1666.809 1667.29 1667.412 1667.979 1668.655 1669.349 1669.803 1669.435 1670.209 1670.732 1671.014 1671.751 1672.075 1672.861 1672.44 1673.253 1673.348 1673.348 1673.616 1673.912 1674.85 1675.055 1675.278
-9999 -9999 -9999 -9999 -9999 -9999 -9999 -9999 -9999 -9999 -9999 1668.9 1668.77 1668.77 1668.775 1668.745 1668.692 1668.71 1668.514 1668.309 1668.245 1668 1667.633 1666.951 1666.052 1663.881 1660.881 1657.16 1652.76 1647.732 1641.278 1634.228 1625.919 1621.228 1618.455 1621.455 1629.127 1633.889 1637.755 1643.067 1648.048 1652.762 1656.604 1661.099 1664.359 1665.952 1666.51 1667.078 1667.604 1667.94 1668.315 1669.08 1669.367 1669.527 1669.758 1669.938 1670.448 1671.365 1671.674 1672.086 1672.326 1672.897 1673.501 1674.401 1674.01 1673.649 1674.696 1675.348 1675.255 1675.698 1676.625
-9999 -9999 -9999 -9999 -9999 -9999 -9999 -9999 -9999 -9999 -9999 1669.037 1668.896 1668.932 1668.937 1669.03 1668.901 1668.922 1668.745 1668.556 1668.475 1668.239 1667.657 1666.907 1665.692 1663.089 1660.217 1656.362 1652.324 1647.293 1640.321 1631.308 1623.236 1621.4 1623.538 1627.758 1635.525 1640.31 1645.729 1650.493 1653.642 1656.94 1660.169 1663.771 1665.847 1666.774 1667.083 1667.763 1668.042 1668.5 1669.07 1669.509 1669.856 1670.155 1670.126 1671.26 1671.81 1671.969 1672.372 1672.422 1673.013 1673.49 1674.059 1673.967 1674.054 1674.806 1675.27 1675.857 1675.721 1676.346 1676.645
-9999 -9999 -9999 -9999 -9999 -9999 -9999 -9999 -9999 -9999 -9999 1669.139 1669.091 1669.163 1669.25 1669.223 1669.108 1669.091 1669.051 1668.932 1668.764 1668.463 1667.892 1666.971 1665.414 1662.571 1659.714 1655.84 1652.01 1646.317 1638.194 1628.176 1622.316 1623.876 1628.483 1633.777 1640.37 1646.436 1651.176 1654.351 1657.391 1660.236 1662.959 1665.514 1667.071 1667.589 1667.906 1668.402 1668.715 1669.307 1669.66 1669.983 1670.116 1670.721 1671.544 1672.042 1672.195 1672.831 1672.937 1673.742 1673.145 1674.118 1674.117 1674.202 1674.481 1675.118 1675.449 1675.992 1676.631 1676.725 1677.473
-9999 -9999 -9999 -9999 -9999 -9999 -9999 -9999 -9999 -9999 -9999 1669.308 1669.285 1669.4 1669.428 1669.41 1669.354 1669.41 1669.337 1669.22 1668.995 1668.723 1668.097 1667.031 1665.101 1662.196 1659.253 1655.324 1651.488 1645.351 1636.497 1626.635 1623.46 1627.396 1632.301 1638.163 1644.089 1650.086 1654.247 1657.688 1660.474 1663.025 1665.082 1666.912 1667.518 1668.204 1668.6 1669.156 1669.191 1669.859 1669.854 1670.384 1670.796 1671.539 1672.263 1672.224 1673.009 1673.445 1673.494 1673.672 1674.032 1674.472 1674.761 1675.081 1675.971 1675.838 1676.114 1676.817 1677.394 1677.471 1677.274
-9999 -9999 -9999 -9999 -9999 -9999 -9999 -9999 -9999 -9999 -9999 1669.53 1669.538 1669.668 1669.671 1669.552 1669.744 1669.71 1669.653 1669.423 1669.143 1668.825 1668.173 1666.953 1664.641 1661.796 1658.657 1654.664 1650.712 1644.087 1635.492 1628.256 1625.932 1630.376 1636.188 1642.433 1649.562 1654.092 1657.611 1660.55 1663.101 1665.165 1666.551 1667.357 1668.037 1668.677 1668.806 1669.425 1670.158 1669.962 1670.596 1671.17 1671.129 1672.393 1672.894 1673.445 1673.456 1674.051 1674.203 1674.301 1675.084 1675.507 1675.957 1676.012 1676.685 1677.005 1677.408 1677.542 1677.843 1677.422 1677.778
-9999 -9999 -9999 -9999 -9999 -9999 -9999 -9999 -9999 -9999 -9999 1669.662 1669.786 1669.823 1669.905 1669.96 1670.042 1669.954 1669.791 1669.572 1669.334 1668.953 1668.192 1666.766 1664.13 1661.292 1657.828 1653.744 1649.566 1642.596 1634.884 1628.348 1627.533 1633.702 1641.52 1649.332 1653.952 1657.404 1660.434 1662.933 1665.191 1666.463 1667.356 1668.083 1668.735 1668.846 1669.785 1670.287 1670.935 1670.686 1671.12 1671.417 1671.587 1672.737 1673.769 1673.576 1674.087 1674.704 1675.136 1675.68 1676.024 1676.026 1676.355 1676.715 1677.352 1677.414 1677.435 1677.673 1678.149 1678.071 1679.317
-9999 -9999 -9999 -9999 -9999 -9999 -9999 -9999 -9999 -9999 -9999 1669.875 1670.014 1670.283 1670.213 1670.302 1670.216 1670.115 1670 1669.716 1669.478 1669.051 1668.172 1666.576 1663.52 1660.398 1656.479 1652.72 1648.053 1640.856 1632.446 1628.676 1631.131 1638.97 1647.284 1653.21 1657.122 1660.156 1662.794 1664.874 1666.339 1667.663 1668.48 1668.41 1669.077 1670.096 1670.453 1670.518 1670.749 1671.118 1671.483 1672.198 1672.547 1673.14 1674.016 1674.265 1675.565 1676 1676.322 1676.002 1676.53 1676.807 1677.297 1677.56 1678.298 1677.679 1678.314 1678.115 1678.857 1678.82 1679.204
-9999 -9999 -9999 -9999 -9999 -9999 -9999 -9999 -9999 -9999 -9999 1670.226 1670.317 1670.457 1670.434 1670.536 1670.363 1670.36 1670.251 1669.94 1669.644 1669.175 1668.15 1666.106 1662.741 1659.474 1655.162 1651.041 1645.353 1638.157 1630.841 1631.22 1635.931 1645.042 1651.188 1655.32 1659.012 1662.077 1664.453 1666.175 1667.3 1668.342 1668.619 1669.05 1669.816 1670.41 1670.58 1670.855 1671.083 1672.241 1672.559 1673.555 1673.591 1674.686 1674.68 1674.934 1676.356 1675.938 1675.944 1676.613 1677.601 1677.85 1677.945 1677.879 1678.678 1678.201 1678.595 1679.269 1679.378 1679.662 1680.352
-9999 -9999 -9999 -9999 -9999 -9999 -9999 -9999 -9999 -9999 -9999 -9999 1670.67 1670.789 1670.864 1670.727 1670.639 1670.599 1670.361 1670.136 1669.747 1669.148 1667.935 1665.288 1661.912 1658.064 1653.908 1649.236 1641.775 1635.171 1631.272 1634.818 1641.092 1648.822 1653.317 1657.133 1660.78 1663.564 1665.779 1667.123 1668.031 1668.759 1669.505 1669.78 1670.162 1670.717 1671.018 1671.389 1671.997 1672.99 1673.262 1673.291 1674.233 1674.771 1675.125 1675.89 1676.106 1676.792 1677.54 1678.18 1678.449 1678.32 1678.193 1678.562 1679.025 1679.781 1679.395 1680.535 1680.551 1680.851 1681.044
-9999 -9999 -9999 -9999 -9999 -9999 -9999 -9999 -9999 -9999 -9999 -9999 1670.903 1670.991 1671.065 1671.003 1670.87 1670.772 1670.529 1670.193 1669.644 1668.996 1667.397 1664.388 1660.985 1656.867 1652.582 1646.327 1640.03 1634.055 1633.596 1638.702 1645.675 1651.631 1655.308 1659.105 1662.257 1664.922 1666.738 1667.8 1668.482 1669.101 1670.119 1670.242 1670.761 1671.222 1671.736 1672.012 1672.73 1673.369 1673.962 1674.065 1674.624 1675.12 1676.262 1677.054 1677.173 1677.715 1677.751 1678.781 1678.816 1678.921 1679.093 1679.573 1679.589 1679.985 1680.263 1680.777 1681.409 1681.256 1681.354
-9999 -9999 -9999 -9999 -9999 -9999 -9999 -9999 -9999 -9999 -9999 -9999 1671.124 1671.276 1671.25 1671.264 1671.184 1670.993 1670.612 1670.247 1669.568 1668.602 1666.637 1663.269 1659.756 1655.642 1651.247 1644.283 1638.984 1634.445 1636.164 1643.535 1650.148 1653.89 1657.486 1661.039 1663.707 1666.237 1667.63 1668.685 1669.205 1669.583 1670.327 1671.06 1671.333 1671.823 1672.246 1672.934 1673.787 1674.093 1674.278 1674.695 1675.349 1676.35 1676.921 1678.061 1678.164 1678.264 1678.732 1679.234 1679.732 1680.378 1680.55 1680.799 1680.622 1680.997 1681.538 1681.759 1681.717 1682.015 1682.449
-9999 -9999 -9999 -9999 -9999 -9999 -9999 -9999 -9999 -9999 -9999 -9999 1671.43 1671.601 1671.548 1671.415 1671.383 1671.135 1670.802 1670.221 1669.693 1668.287 1665.825 1662.352 1658.613 1654.53 1649.663 1643.156 1638.589 1635.867 1639.806 1648.036 1652.705 1656.13 1659.781 1662.724 1665.326 1667.558 1668.444 1668.875 1669.954 1670.229 1670.654 1671.436 1671.963 1672.169 1672.981 1673.38 1674.283 1674.835 1675.662 1676.302 1676.864 1677.502 1678.266 1679.05 1678.764 1678.974 1679.344 1680.389 1680.295 1681.131 1680.91 1681.371 1681.305 1682.222 1681.753 1681.858 1682.776 1682.954 1683.617
-9999 -9999 -9999 -9999 -9999 -9999 -9999 -9999 -9999 -9999 -9999 -9999 1671.915 1671.866 1671.776 1671.629 1671.517 1671.25 1670.808 1670.354 1669.494 1667.753 1664.952 1661.64 1657.724 1653.731 1649.172 1642.033 1637.316 1636.782 1643.658 1651.168 1654.784 1658.353 1661.783 1664.424 1666.703 1668.35 1669.196 1669.496 1670.186 1670.722 1671.286 1671.973 1672.251 1673.1 1673.874 1674.493 1674.65 1675.129 1676.455 1677.489 1678.144 1678.881 1679.151 1679.069 1679.799 1680.593 1680.555 1680.949 1681.135 1681.396 1681.672 1681.847 1682.083 1682.75 1682.652 1682.865 1682.665 1683.428 1683.763
-9999 -9999 -9999 -9999 -9999 -9999 -9999 -9999 -9999 -9999 -9999 -9999 -9999 1672.024 1671.947 1671.847 1671.706 1671.418 1670.892 1670.491 1669.32 1667.064 1664.073 1660.897 1657.084 1653.065 1647.844 1640.964 1636.295 1639.735 1646.601 1652.607 1656.305 1660.117 1663.338 1666.233 1667.842 1668.849 1669.593 1670.165 1671.23 1671.813 1671.679 1672.221 1673.912 1673.746 1674.616 1675.043 1675.171 1675.932 1676.93 1678.122 1679.132 1679.203 1679.94 1680.244 1681.157 1681.395 1681.295 1682.178 1681.8 1682.257 1682.657 1682.805 1683.005 1683.574 1683.108 1684.29 1683.593 1683.465 1683.52
-9999 -9999 -9999 -9999 -9999 -9999 -9999 -9999 -9999 -9999 -9999 -9999 -9999 1672.177 1672.071 1671.94 1671.76 1671.396 1671.042 1670.529 1669.085 1666.709 1663.606 1660.339 1656.336 1652.479 1645.531 1641.126 1637.666 1642.535 1649.133 1654.106 1657.895 1661.626 1664.642 1667.101 1668.664 1669.964 1669.814 1670.616 1671.378 1671.641 1672.221 1673.012 1673.864 1674.569 1674.992 1675.909 1676.272 1677.098 1678.029 1679.009 1679.886 1680.372 1680.698 1680.805 1681.418 1681.906 1682.452 1682.359 1682.833 1682.74 1683.269 1683.926 1683.302 1683.436 1683.584 1683.953 1683.502 1683.481 1683.486
-9999 -9999 -9999 -9999 -9999 -9999 -9999 -9999 -9999 -9999 -9999 -9999 -9999 1672.383 1672.205 1672.084 1672.002 1671.509 1671.133 1670.525 1668.917 1666.25 1663.332 1659.799 1655.768 1651.613 1645.388 1639.21 1639.455 1644.326 1650.454 1655.108 1659.174 1662.792 1665.785 1668.178 1669.281 1670.021 1670.627 1671.197 1671.717 1672.288 1672.699 1674.035 1675.282 1674.759 1675.467 1676.539 1677.375 1678.275 1679.044 1679.69 1680.29 1680.992 1681.515 1681.606 1682.321 1682.269 1682.553 1682.886 1683.31 1683.609 1683.531 1683.973 1683.941 1683.768 1684.505 1684.444 1683.915 1683.949 1683.72
-9999 -9999 -9999 -9999 -9999 -9999 -9999 -9999 -9999 -9999 -9999 -9999 -9999 1672.591 1672.431 1672.291 1672.139 1671.604 1671.134 1670.245 1668.616 1665.905 1662.923 1659.289 1655.254 1650.913 1645.571 1640.165 1641.146 1646.505 1652.3 1656.215 1659.808 1663.466 1666.833 1668.757 1669.735 1670.341 1670.964 1671.673 1672.065 1672.716 1673.237 1674.265 1674.889 1675.719 1676.263 1677.014 1677.639 1678.459 1680.137 1680.734 1680.837 1682.542 1682.398 1682.279 1683.196 1682.909 1683.179 1683.709 1684.476 1684.092 1684.428 1684.673 1684.099 1684.174 1684.333 1684.128 1683.91 1684.183 1683.865
-9999 -9999 -9999 -9999 -9999 -9999 -9999 -9999 -9999 -9999 -9999 -9999 -9999 1672.866 1672.679 1672.51 1672.343 1671.801 1671.226 1670.18 1668.506 1665.692 1662.572 1658.905 1655.107 1651.718 1645.738 1640.551 1641.63 1647.86 1653.802 1657.653 1661.7 1664.594 1666.751 1669.098 1669.981 1670.637 1671.364 1672.064 1672.708 1673.067 1673.803 1674.384 1675.184 1676.045 1676.732 1677.123 1678.407 1679.51 1680.624 1680.864 1681.882 1682.949 1682.932 1683.261 1683.34 1683.336 1683.63 1684.242 1684.4 1684.689 1684.465 1684.51 1684.484 1684.405 1684.737 1684.154 1684.072 1683.989 1683.931
-9999 -9999 -9999 -9999 -9999 -9999 -9999 -9999 -9999 -9999 -9999 -9999 -9999 1673.182 1672.988 1672.754 1672.405 1671.942 1671.18 1670.042 1668.138 1665.127 1662.233 1658.426 1654.85 1651.044 1645 1641.303 1642.69 1649.491 1654.999 1659.019 1662.841 1666.475 1668.411 1670.078 1671.225 1671.057 1672.117 1672.734 1673.909 1673.717 1675.026 1674.89 1675.492 1676.24 1676.876 1677.753 1678.611 1680.208 1680.851 1681.698 1682.364 1683.228 1683.546 1682.988 1683.592 1683.853 1683.997 1684.417 1684.333 1684.439 1684.61 1684.681 1684.712 1684.878 1684.52 1684.381 1684.21 1684.088 -9999
-9999 -9999 -9999 -9999 -9999 -9999 -9999 -9999 -9999 -9999 -9999 -9999 1673.701 1673.431 1673.179 1672.923 1672.567 1672.08 1671.179 1669.898 1667.468 1664.446 1661.352 1657.614 1654.168 1649.438 1644.236 1641.204 1644.976 1651.538 1656.944 1660.572 1664.029 1667.206 1668.978 1669.904 1670.599 1671.648 1671.947 1673.312 1673.403 1674.029 1675.113 1675.602 1675.973 1676.484 1677.248 1678.234 1679.439 1680.69 1681.038 1681.794 1682.62 1682.958 1683.553 1683.307 1683.666 1684.059 1684.218 1684.603 1684.699 1684.838 1684.947 1684.97 1684.954 1684.911 1684.8 1684.614 1684.445 1684.392 -9999
-9999 -9999 -9999 -9999 -9999 -9999 -9999 -9999 -9999 -9999 -9999 -9999 1673.904 1673.724 1673.467 1673.122 1672.761 1672.152 1671.062 1669.472 1666.582 1663.695 1660.118 1656.543 1652.668 1646.971 1643.299 1643.634 1647.957 1653.398 1658.037 1662.149 1665.471 1668.154 1669.852 1670.903 1671.341 1671.791 1672.892 1673.604 1674.072 1674.483 1674.928 1676.008 1676.553 1677.04 1677.849 1678.859 1679.976 1681.31 1681.513 1682.096 1683.723 1683.413 1683.614 1683.515 1683.848 1684.115 1684.465 1684.796 1685.148 1685.153 1685.239 1685.282 1685.257 1685.261 1685.034 1684.819 1684.681 -9999 -9999
-9999 -9999 -9999 -9999 -9999 -9999 -9999 -9999 -9999 -9999 -9999 1674.356 1674.199 1674.058 1673.762 1673.445 1672.935 1672.053 1670.967 1668.811 1665.653 1662.561 1658.738 1654.901 1649.906 1644.294 1644.484 1647.251 1651.929 1656.01 1659.588 1663.285 1666.345 1668.633 1670.643 1670.862 1671.442 1672.003 1672.673 1674.579 1674.691 1674.342 1675.82 1676.055 1677.481 1677.88 1678.112 1679.074 1679.96 1681.593 1681.357 1682.414 1683.303 1683.261 1683.561 1683.705 1684.023 1684.276 1685.05 1685.022 1685.393 1685.42 1685.518 1685.837 1685.613 1685.495 1685.5 1684.999 -9999 -9999 -9999
-9999 -9999 -9999 -9999 -9999 -9999 -9999 -9999 -9999 -9999 1674.785 1674.576 1674.424 1674.504 1674.073 1673.622 1673.152 1672.279 1670.667 1667.875 1664.804 1661.297 1657.276 1652.988 1648.327 1643.963 1646.534 1651.265 1655.35 1658.558 1661.821 1664.824 1667.521 1669.387 1670.312 1671.588 1671.935 1672.312 1673.14 1674.545 1674.622 1675.055 1676.08 1676.721 1676.859 1677.927 1678.745 1679.521 1680.042 1681.293 1682.047 1682.587 1684.009 1684.168 1683.641 1683.964 1684.345 1684.613 1684.918 1685.211 1685.613 1685.706 1685.763 1685.82 1685.772 -9999 -9999 -9999 -9999 -9999 -9999
