last_chance_experiments/smoothing_DEMS/lc1_dem.txt
ncols	164																																																																																																																																																																		
nrows	223																																																																																																																																																																		
xllcorner	527068.107																																																																																																																																																																		
yllcorner	3564580.539																																																																																																																																																																		
cellsize	10																																																																																																																																																																		
NODATA_value	-9999																																																																																																																																																																		
[rows 32 to 63 of 223, columns 71 to 141 of 164]
-9999 -9999 -9999 -9999 -9999 -9999 -9999 -9999 -9999 -9999 -9999 -9999 -9999 -9999 -9999 -9999 -9999 -9999 1649.379 1648.634 1647.531 1646.246 1644.427 1641.696 1638.272 1634.209 1630.017 1625.481 1620.227 1614.144 1609.316 1607.415 1606.2 1604.376 1602.342 1599.783 1596.482 1592.305 1587.453 1582.24 1576.049 1570.154 1564.287 1558.129 1552.434 1552.029 1553.902 1559.766 1564.482 1568.753 1574.173 1579.89 1585.973 1592.001 1598.384 1605.194 1612.276 1619.967 1627.286 1635.178 1641.047 1644.081 1646.228 1648.86 1651.768 1653.034 1654.545 1655.599 1656.367 1657.136 1657.703
-9999 -9999 -9999 -9999 -9999 -9999 -9999 -9999 -9999 -9999 -9999 -9999 -9999 -9999 -9999 -9999 -9999 -9999 1650.883 1650.018 1648.898 1647.558 1645.872 1643.489 1640.616 1636.376 1631.845 1627.536 1622.333 1617.18 1615.184 1613.621 1611.672 1609.364 1606.799 1603.872 1600.377 1596.246 1591.312 1586.309 1580.53 1574.479 1568.336 1562.165 1556.026 1552.585 1553.433 1556.934 1562.705 1568.352 1574.131 1580.551 1585.552 1591.122 1597.229 1604.073 1611.146 1618.917 1626.884 1634.992 1640.702 1643.889 1646.08 1648.716 1652.015 1653.193 1654.704 1655.815 1656.538 1657.344 1657.887
-9999 -9999 -9999 -9999 -9999 -9999 -9999 -9999 -9999 -9999 -9999 -9999 -9999 -9999 -9999 -9999 -9999 -9999 1652.762 1651.562 1650.181 1648.605 1647.032 1644.945 1642.334 1638.588 1634.004 1629.54 1624.776 1622.629 1621.441 1619.896 1618.54 1615.648 1611.851 1607.947 1603.836 1599.44 1594.625 1589.227 1583.726 1577.855 1571.792 1565.543 1559.824 1555.183 1554.72 1556.516 1563.331 1570.293 1577.36 1584.097 1589.608 1595.152 1600.676 1606.63 1612.925 1620.212 1628.072 1635.459 1640.882 1643.98 1646.089 1648.66 1651.8 1653.22 1654.877 1656.001 1656.721 1657.525 1658.091
-9999 -9999 -9999 -9999 -9999 -9999 -9999 -9999 -9999 -9999 -9999 -9999 -9999 -9999 -9999 -9999 -9999 -9999 1654.799 1653.359 1651.555 1649.709 1648.076 1646.239 1644.01 1641.41 1637.129 1632.715 1629.397 1628.14 1626.911 1625.945 1624.986 1622.706 1618.69 1612.36 1606.994 1602.272 1597.291 1591.728 1586.343 1580.494 1574.716 1568.376 1562.376 1557.518 1554.854 1556.194 1563.369 1571.386 1578.671 1585.413 1591.691 1597.907 1603.932 1609.978 1616.569 1624.296 1632.636 1638.549 1642.256 1644.628 1646.806 1649.456 1652.525 1653.571 1655.207 1656.33 1656.932 1657.67 1658.333
-9999 -9999 -9999 -9999 -9999 -9999 -9999 -9999 -9999 -9999 -9999 -9999 -9999 -9999 -9999 -9999 -9999 1656.969 1656.429 1654.982 1653.046 1650.953 1649.102 1647.447 1645.397 1642.891 1639.904 1636.702 1635.631 1634.285 1633.163 1632.383 1630.483 1627.564 1623.584 1616.899 1609.625 1604.201 1598.954 1593.304 1588.051 1582.266 1576.62 1570.796 1564.041 1559.203 1555.602 1557.073 1564.243 1571.749 1578.874 1585.978 1592.366 1599.195 1605.426 1611.931 1619.176 1627.958 1637.226 1641.331 1643.615 1645.449 1647.707 1650.299 1653.043 1654.048 1655.602 1656.568 1657.32 1658.02 1658.632
-9999 -9999 -9999 -9999 -9999 -9999 -9999 -9999 -9999 -9999 -9999 -9999 -9999 -9999 -9999 -9999 -9999 1657.465 1657.074 1656.208 1654.447 1652.314 1650.25 1648.447 1646.658 1644.433 1642.361 1641.348 1641.344 1640.608 1639.447 1638.096 1635.484 1631.683 1625.686 1619.098 1610.777 1605.032 1599.662 1593.649 1587.87 1582.125 1576.422 1570.565 1564.197 1559.884 1556.3 1558.448 1565.131 1571.513 1578.505 1585.513 1591.764 1598.682 1605.241 1611.993 1619.427 1627.294 1637.77 1642.499 1644.563 1646.323 1648.806 1651.112 1653.205 1654.609 1656.009 1656.919 1657.671 1658.442 1659.031
-9999 -9999 -9999 -9999 -9999 -9999 -9999 -9999 -9999 -9999 -9999 -9999 -9999 -9999 -9999 -9999 -9999 1657.771 1657.471 1656.924 1655.64 1653.602 1651.457 1649.55 1647.849 1646.163 1645.119 1644.381 1643.781 1643.068 1641.773 1640.317 1638.074 1631.933 1624.938 1617.791 1610.55 1604.629 1598.914 1592.593 1586.484 1580.123 1574.111 1567.906 1562.731 1559.142 1557.318 1559.799 1565.757 1571.038 1577.177 1584.027 1590.115 1596.864 1603.36 1610.019 1617.483 1625.294 1634.73 1642.294 1644.967 1646.941 1649.543 1651.886 1653.901 1655.176 1656.374 1657.18 1658.1 1658.835 1659.339
-9999 -9999 -9999 -9999 -9999 -9999 -9999 -9999 -9999 -9999 -9999 -9999 -9999 -9999 -9999 -9999 -9999 1658.219 1658.102 1657.452 1656.57 1654.93 1652.93 1650.839 1649.19 1648.02 1647.241 1646.518 1645.766 1644.635 1643.004 1640.913 1636.379 1628.896 1622.532 1615.313 1608.766 1602.882 1596.754 1590.466 1584.195 1577.511 1570.584 1565.039 1561.074 1559.008 1560.218 1563.514 1565.679 1570.103 1575.238 1581.379 1587.588 1593.901 1600.528 1607.144 1614.252 1622.849 1632.115 1641.136 1644.966 1647.084 1649.949 1652.524 1654.737 1655.541 1656.644 1657.628 1658.443 1659.119 1659.686
-9999 -9999 -9999 -9999 -9999 -9999 -9999 -9999 -9999 -9999 -9999 -9999 -9999 -9999 -9999 -9999 -9999 1658.662 1658.541 1658.104 1657.258 1656.181 1654.562 1652.747 1651.145 1649.966 1649.116 1648.127 1647.064 1645.684 1643.617 1640.232 1633.22 1626.569 1620.475 1612.938 1606.535 1600.461 1594.249 1587.912 1581.632 1574.795 1567.67 1563.763 1561.528 1562.013 1565.553 1569.109 1571.516 1573.283 1575.188 1579.429 1584.875 1591.116 1597.649 1604.223 1611.134 1619.278 1628.248 1638.69 1644.667 1646.796 1649.678 1652.469 1654.958 1655.834 1656.961 1658.031 1658.792 1659.417 1659.908
-9999 -9999 -9999 -9999 -9999 -9999 -9999 -9999 -9999 -9999 -9999 -9999 -9999 -9999 -9999 -9999 -9999 -9999 1658.869 1658.588 1658.053 1657.023 1656.012 1654.849 1653.518 1652.375 1651.341 1649.849 1648.202 1646.394 1643.721 1638.924 1631.355 1624.381 1617.618 1610.427 1604.262 1598.09 1591.595 1585.464 1578.864 1572.281 1566.001 1564.115 1564.415 1567.044 1571.218 1575.488 1578.791 1580.923 1581.246 1582.061 1584.497 1589.146 1595.214 1601.88 1608.856 1616.013 1625.464 1635.28 1643.026 1646.109 1648.897 1652.05 1654.829 1655.911 1657.274 1658.457 1659.177 1659.815 1660.28
-9999 -9999 -9999 -9999 -9999 -9999 -9999 -9999 -9999 -9999 -9999 -9999 -9999 -9999 -9999 -9999 -9999 -9999 1659.303 1659.098 1658.752 1658.112 1657.384 1656.505 1655.655 1654.854 1653.708 1651.666 1649.166 1646.787 1643.42 1636.794 1629.29 1622.682 1615.376 1608.678 1602.199 1595.578 1588.938 1582.607 1576.477 1570.043 1565.729 1565.706 1568.574 1571.963 1576.926 1581.484 1585.218 1588.176 1589.124 1589.481 1589.607 1590.931 1594.318 1600.904 1607.269 1614.047 1621.404 1629.947 1639.716 1645.021 1647.918 1651.29 1654.104 1655.835 1657.535 1658.722 1659.539 1660.186 1660.716
-9999 -9999 -9999 -9999 -9999 -9999 -9999 -9999 -9999 -9999 -9999 -9999 -9999 -9999 -9999 -9999 -9999 -9999 1659.831 1659.723 1659.396 1658.965 1658.608 1657.986 1657.309 1656.587 1655.552 1653.033 1649.908 1646.866 1642.692 1636.228 1628.215 1621.221 1613.48 1606.756 1600.242 1593.506 1586.751 1580.434 1574.659 1568.508 1565.773 1568.375 1572.847 1576.426 1581.254 1586.544 1590.871 1594.465 1596.553 1597.349 1597.741 1598.497 1598.642 1601.224 1606.144 1612.899 1619.786 1627.461 1635.4 1642.834 1646.891 1650.283 1653.823 1655.649 1657.646 1659 1659.869 1660.668 1661.1
-9999 -9999 -9999 -9999 -9999 -9999 -9999 -9999 -9999 -9999 -9999 -9999 -9999 -9999 -9999 -9999 -9999 -9999 1660.465 1660.326 1660.132 1659.864 1659.552 1659.245 1658.627 1657.875 1656.543 1653.952 1650.441 1646.991 1642.408 1634.948 1627.241 1619.932 1611.752 1604.886 1598.339 1591.494 1585.026 1578.903 1572.954 1568.365 1567.898 1572.877 1577.828 1581.627 1584.753 1590.407 1595.964 1600.048 1602.866 1604.374 1605.031 1605.867 1606.484 1607.508 1609.058 1612.591 1618.478 1625.495 1631.869 1639.554 1645.704 1649.361 1653.301 1655.575 1657.765 1659.254 1660.25 1660.975 1661.515
-9999 -9999 -9999 -9999 -9999 -9999 -9999 -9999 -9999 -9999 -9999 -9999 -9999 -9999 -9999 -9999 -9999 -9999 1661.048 1661.143 1661.096 1661.262 1660.813 1660.357 1659.681 1658.785 1657.16 1654.449 1650.747 1647.092 1642.382 1634.674 1625.906 1618.607 1610.408 1603.538 1596.799 1589.988 1583.78 1577.791 1571.523 1568.325 1572.066 1578.635 1583.907 1588.208 1590.427 1593.822 1599.693 1604.853 1608.882 1611.436 1612.738 1614.136 1614.148 1614.814 1616.631 1617.438 1619.66 1624.072 1630.223 1637.628 1644.674 1648.666 1652.814 1655.576 1657.954 1659.558 1660.57 1661.331 1661.988
-9999 -9999 -9999 -9999 -9999 -9999 -9999 -9999 -9999 -9999 -9999 -9999 -9999 -9999 -9999 -9999 -9999 -9999 1661.908 1661.921 1661.832 1661.688 1661.507 1661.319 1660.972 1659.612 1657.788 1655.035 1651.153 1647.39 1642.417 1634.368 1625.36 1617.435 1609.265 1602.375 1595.491 1588.804 1582.822 1576.981 1571.14 1571.75 1577.5 1584.47 1590.119 1594.926 1597.455 1599.081 1603.143 1609.069 1615.754 1620.774 1624.956 1626.326 1625.366 1623.571 1624.409 1624.411 1624.644 1625.916 1629.443 1636.201 1643.6 1648.267 1653.192 1655.674 1658.284 1659.878 1660.965 1661.691 1662.445
-9999 -9999 -9999 -9999 -9999 -9999 -9999 -9999 -9999 -9999 -9999 -9999 -9999 -9999 -9999 -9999 -9999 -9999 -9999 1662.137 1661.965 1661.984 1662.015 1661.906 1661.553 1660.588 1658.444 1655.876 1652 1648.22 1643.576 1635.152 1627.156 1618.168 1608.787 1601.835 1594.761 1588.312 1582.309 1575.841 1572.563 1575.487 1582.555 1589.28 1595.415 1600.268 1603.561 1605.697 1608.423 1613.637 1621.327 1627.618 1632.654 1636.097 1636.523 1635.758 1634.411 1635.403 1632.17 1632.102 1632.766 1637.02 1643.577 1648.136 1653.472 1655.826 1658.609 1660.24 1661.344 1662.167 1662.807
-9999 -9999 -9999 -9999 -9999 -9999 -9999 -9999 -9999 -9999 -9999 -9999 -9999 -9999 -9999 -9999 -9999 -9999 1662.593 1662.326 1662.296 1662.437 1662.339 1662.242 1662.01 1661.087 1659.108 1656.797 1653.124 1649.085 1645.086 1638.001 1628.352 1618.879 1608.96 1601.892 1594.935 1588.426 1582.033 1574.95 1574.319 1579.962 1586.91 1593.55 1599.782 1605.045 1609.314 1612.576 1616.266 1619.453 1626.381 1633.656 1639.873 1642.464 1642.969 1643.281 1644.054 1644.374 1643.431 1640.289 1639.276 1638.167 1643.243 1647.801 1652.724 1655.961 1658.848 1660.539 1661.742 1662.602 1663.24
-9999 -9999 -9999 -9999 -9999 -9999 -9999 -9999 -9999 -9999 -9999 -9999 -9999 -9999 -9999 -9999 -9999 -9999 1662.728 1662.645 1662.714 1662.71 1662.68 1662.587 1662.344 1661.671 1659.889 1657.426 1654.103 1649.908 1645.826 1638.9 1629.525 1620.449 1609.367 1602.348 1595.634 1588.652 1581.764 1575.771 1577.389 1583.318 1590.162 1596.93 1603.479 1609.212 1615.183 1620.298 1625.189 1628.023 1632.338 1639.227 1643.552 1645.37 1646.082 1646.56 1647.074 1647.241 1647.036 1646.167 1644.524 1641.797 1642.893 1647.33 1653.421 1656.01 1659.101 1660.887 1662.137 1663.021 1663.675
-9999 -9999 -9999 -9999 -9999 -9999 -9999 -9999 -9999 -9999 -9999 -9999 -9999 -9999 -9999 -9999 -9999 1663.056 1662.97 1663 1663.079 1663.059 1663.052 1662.948 1662.637 1662.088 1660.603 1658.048 1654.84 1650.534 1646.085 1639.352 1630.212 1621.372 1610.457 1603.276 1596.384 1589.292 1581.939 1576.85 1580.041 1586.725 1593.112 1599.703 1606.377 1613.22 1620.965 1626.312 1631.132 1635.854 1639.488 1642.86 1645.896 1647.628 1648.694 1649.4 1650.065 1650.496 1650.462 1649.68 1647.966 1646.039 1643.93 1646.519 1652.22 1655.656 1659.132 1661.196 1662.383 1663.387 1664.114
-9999 -9999 -9999 -9999 -9999 -9999 -9999 -9999 -9999 -9999 -9999 -9999 -9999 -9999 -9999 -9999 1663.492 1663.298 1663.235 1663.27 1663.31 1663.327 1663.293 1663.315 1663.019 1662.297 1660.938 1658.337 1655.234 1650.953 1646.548 1638.8 1629.583 1621.257 1611.345 1604.07 1597.22 1590.112 1582.98 1579.646 1582.367 1589.271 1595.538 1602.424 1608.993 1617.757 1627.414 1633.3 1638.329 1642.348 1644.637 1646.456 1648.241 1650.345 1651.862 1652.644 1653.18 1653.562 1653.824 1653.325 1652.142 1650.155 1647.434 1646.191 1650.859 1654.956 1658.918 1661.357 1662.752 1663.765 1664.711
-9999 -9999 -9999 -9999 -9999 -9999 -9999 -9999 -9999 -9999 -9999 -9999 -9999 -9999 -9999 -9999 1663.688 1663.573 1663.628 1663.583 1663.541 1663.576 1663.638 1663.424 1663.046 1662.467 1661.009 1658.448 1655.447 1651.229 1646.986 1638.983 1629.221 1621.449 1612.205 1605.24 1598.376 1591.508 1584.288 1580.8 1583.981 1591.169 1597.578 1604.448 1611.136 1620.206 1630.433 1640.51 1644.789 1646.896 1648.417 1649.919 1651.304 1653.37 1654.693 1655.186 1655.525 1655.872 1656.106 1656.139 1655.818 1654.79 1652.327 1649.692 1650.01 1654.398 1658.694 1661.544 1663.217 1664.204 1665.138
-9999 -9999 -9999 -9999 -9999 -9999 -9999 -9999 -9999 -9999 -9999 -9999 -9999 -9999 -9999 -9999 1663.957 1663.925 1664.009 1663.933 1663.806 1663.738 1663.829 1663.54 1663.171 1662.561 1661.006 1658.499 1655.51 1651.456 1647.226 1639.686 1629.573 1621.616 1613.255 1606.366 1599.921 1593.101 1585.622 1581.395 1586.805 1592.687 1599.033 1606.041 1613.116 1621.843 1631.535 1642.428 1646.84 1649.521 1651.817 1653.644 1654.704 1655.764 1656.68 1657.066 1657.404 1657.75 1658.113 1658.164 1657.965 1657.226 1656.367 1654.863 1651.749 1654.043 1658.742 1661.813 1663.713 1664.667 1665.585
-9999 -9999 -9999 -9999 -9999 -9999 -9999 -9999 -9999 -9999 -9999 -9999 -9999 -9999 -9999 -9999 1664.299 1664.286 1664.462 1664.455 1664.052 1663.937 1664 1663.756 1663.357 1662.747 1661.196 1658.54 1655.718 1651.729 1647.626 1639.79 1630.537 1622.417 1614.653 1607.701 1601.131 1594.305 1586.358 1584.756 1589.606 1593.823 1600.57 1608.013 1615.28 1624.244 1634.311 1644.083 1648.471 1651.987 1654.982 1656.43 1657.157 1657.664 1658.531 1659.044 1659.365 1659.502 1659.745 1660.038 1660.007 1659.615 1659.365 1658.42 1657.075 1655.167 1658.967 1662.266 1664.162 1665.19 1666.03
-9999 -9999 -9999 -9999 -9999 -9999 -9999 -9999 -9999 -9999 -9999 -9999 -9999 -9999 -9999 -9999 1664.56 1664.523 1664.499 1664.461 1664.337 1664.218 1664.143 1663.954 1663.531 1663.01 1661.517 1658.94 1655.986 1652.261 1647.998 1641.286 1633.004 1624.167 1616.229 1609.071 1602.206 1595.217 1586.825 1585.057 1589.794 1595.54 1602.155 1609.418 1616.593 1626.452 1637.791 1646.042 1650.029 1653.925 1656.786 1658.216 1659.116 1659.542 1660.043 1660.488 1660.61 1660.829 1661.189 1661.347 1661.399 1661.252 1661.241 1661.039 1659.913 1658.588 1659.92 1663.09 1664.802 1665.779 1666.572
-9999 -9999 -9999 -9999 -9999 -9999 -9999 -9999 -9999 -9999 -9999 -9999 -9999 -9999 -9999 -9999 1664.841 1664.835 1664.76 1664.803 1664.572 1664.452 1664.353 1664.1 1663.809 1663.309 1662.146 1659.62 1656.688 1652.934 1649.028 1643.499 1634.41 1626.861 1617.883 1609.84 1602.949 1595.815 1587.981 1586.546 1590.972 1597.063 1603.486 1610.282 1617.996 1627.975 1640.726 1647.661 1651.244 1655.269 1657.978 1659.725 1660.446 1660.71 1661.122 1661.266 1661.414 1661.669 1661.869 1662.213 1662.393 1662.528 1662.767 1662.995 1662.814 1661.736 1662.619 1664.36 1665.525 1666.312 1667.226
-9999 -9999 -9999 -9999 -9999 -9999 -9999 -9999 -9999 -9999 -9999 -9999 -9999 -9999 -9999 -9999 1665.143 1665.102 1664.973 1664.864 1664.807 1664.72 1664.471 1664.228 1663.949 1663.54 1662.652 1660.37 1657.402 1653.881 1649.916 1645.575 1637.55 1629.312 1619.444 1610.296 1603.193 1596.244 1590.243 1588.721 1592.161 1599.137 1604.727 1610.957 1618.632 1628.733 1640.234 1647.421 1651.687 1655.972 1658.766 1660.51 1661.124 1661.529 1661.729 1661.823 1662.059 1662.234 1662.707 1662.977 1663.141 1663.346 1663.638 1663.968 1664.129 1664.212 1664.255 1665.684 1666.501 1667.006 1667.504
-9999 -9999 -9999 -9999 -9999 -9999 -9999 -9999 -9999 -9999 -9999 -9999 -9999 -9999 -9999 -9999 1665.466 1665.321 1665.247 1665.112 1665.114 1664.866 1664.466 1664.263 1664.004 1663.693 1662.918 1660.782 1657.866 1654.446 1650.577 1646.562 1639.845 1631.831 1619.876 1609.98 1603.251 1597.083 1592.491 1590.863 1594.653 1602.012 1607.772 1613.708 1621.27 1629.449 1639.73 1647.703 1652.092 1656.275 1659.144 1660.962 1661.645 1661.827 1661.953 1662.302 1662.608 1662.866 1663.23 1663.456 1663.756 1664.11 1664.338 1664.643 1664.872 1665.561 1666.328 1666.94 1667.126 1667.457 1667.864
-9999 -9999 -9999 -9999 -9999 -9999 -9999 -9999 -9999 -9999 -9999 -9999 -9999 -9999 -9999 -9999 1665.662 1665.502 1665.376 1665.363 1665.334 1665.065 1664.672 1664.453 1664.16 1663.85 1663.059 1660.937 1658.274 1654.919 1650.824 1646.284 1638.63 1629.512 1618.652 1609.646 1603.531 1597.571 1593.07 1591.637 1598.4 1605 1611.057 1618.062 1627.647 1636.141 1643.559 1649.282 1653.242 1656.939 1659.61 1661.292 1661.957 1662.165 1662.537 1662.764 1663.014 1663.341 1663.632 1664.044 1664.331 1664.587 1664.895 1665.588 1666.088 1666.374 1666.847 1667.568 1667.858 1667.769 1668.41
-9999 -9999 -9999 -9999 -9999 -9999 -9999 -9999 -9999 -9999 -9999 -9999 -9999 -9999 -9999 -9999 1665.874 1665.803 1665.647 1665.549 1665.472 1665.208 1664.916 1664.664 1664.293 1663.966 1663.282 1661.215 1658.603 1655.167 1651.03 1646.413 1637.143 1628.176 1617.55 1609.739 1602.748 1596.245 1592.924 1595.885 1601.364 1607.657 1615.299 1625.737 1634.702 1642.512 1647.771 1651.374 1655.14 1658.174 1660.554 1661.936 1662.201 1662.771 1663.142 1663.274 1663.514 1663.749 1664.157 1664.448 1664.737 1665.224 1665.612 1666.131 1666.486 1666.885 1667.837 1667.481 1668.044 1668.099 1668.504
-9999 -9999 -9999 -9999 -9999 -9999 -9999 -9999 -9999 -9999 -9999 -9999 -9999 -9999 -9999 -9999 1666.141 1666.207 1665.984 1665.826 1665.639 1665.322 1665.153 1664.828 1664.514 1664.211 1663.517 1661.427 1658.766 1655.226 1651.026 1645.927 1636.59 1627.556 1617.598 1609.844 1603.081 1596.114 1596.237 1600.581 1605.617 1611.548 1619.061 1628.957 1637.323 1645.599 1650.071 1653.637 1656.825 1659.514 1661.528 1662.367 1662.95 1663.312 1663.449 1663.655 1664.473 1664.39 1664.675 1664.908 1665.329 1665.969 1666.158 1666.509 1666.891 1667.587 1667.578 1668.318 1668.259 1668.549 1668.885
-9999 -9999 -9999 -9999 -9999 -9999 -9999 -9999 -9999 -9999 -9999 -9999 -9999 -9999 -9999 -9999 1666.408 1666.221 1666.104 1666.046 1665.946 1665.654 1665.299 1665.047 1664.768 1664.425 1663.727 1661.489 1658.776 1655.066 1650.775 1644.58 1635.56 1627.224 1618.472 1610.525 1603.393 1598.121 1598.625 1602.801 1609.396 1617.474 1625.009 1631.607 1640.134 1646.965 1651.855 1655.595 1658.545 1660.882 1662.288 1663.052 1663.44 1663.891 1663.921 1664.162 1664.839 1664.788 1665.065 1665.368 1665.928 1666.497 1666.735 1667.025 1667.782 1667.776 1668.45 1668.623 1668.725 1668.941 1669.408
-9999 -9999 -9999 -9999 -9999 -9999 -9999 -9999 -9999 -9999 -9999 -9999 -9999 -9999 -9999 -9999 1666.632 1666.496 1666.471 1666.233 1665.982 1665.746 1665.571 1665.364 1665.062 1664.739 1663.73 1661.358 1658.669 1654.928 1650.693 1645.797 1636.187 1627.454 1618.839 1611.744 1605.217 1600.466 1600.407 1605.605 1613.967 1625.056 1632.33 1637.273 1644.694 1649.871 1653.784 1657.428 1660.281 1662.209 1663.159 1663.748 1664.159 1664.212 1664.422 1664.651 1664.947 1665.17 1665.575 1666.032 1666.655 1667.002 1667.321 1667.754 1667.849 1668.613 1669.204 1669.216 1669.299 1669.357 1669.972
