last_chance_experiments/smoothing_DEMS/smooth_lc3_dem.txt
ncols	170																																																																																																																																																																								
nrows	202																																																																																																																																																																								
xllcorner	526725.369																																																																																																																																																																								
yllcorner	3566768.517																																																																																																																																																																								
cellsize	10																																																																																																																																																																								
NODATA_value	-9999																																																																																																																																																																								
[rows 116 to 144 of 202, columns 0 to 64 of 170]
-9999.00 -9999.00 -9999.00 -9999.00 -9999.00 -9999.00 -9999.00 -9999.00 -9999.00 -9999.00 -9999.00 -9999.00 -9999.00 -9999.00 -9999.00 -9999.00 -9999.00 -9999.00 -9999.00 -9999.00 -9999.00 -9999.00 -9999.00 -9999.00 -9999.00 -9999.00 -9999.00 -9999.00 -9999.00 -9999.00 -9999.00 -9999.00 -9999.00 -9999.00 -9999.00 1655.74 1655.70 1655.46 1655.13 1654.43 1653.84 1653.24 1652.46 1651.64 1650.74 1649.98 1649.09 1648.04 1647.12 1646.22 1645.01 1643.99 1642.96 1641.89 1640.78 1639.32 1637.66 1635.89 1633.74 1631.49 1629.43 1627.21 1625.14 1622.86 1620.66
-9999.00 -9999.00 -9999.00 -9999.00 -9999.00 -9999.00 -9999.00 -9999.00 -9999.00 -9999.00 -9999.00 -9999.00 -9999.00 -9999.00 -9999.00 -9999.00 -9999.00 -9999.00 -9999.00 -9999.00 -9999.00 -9999.00 -9999.00 -9999.00 -9999.00 -9999.00 -9999.00 -9999.00 -9999.00 -9999.00 -9999.00 -9999.00 -9999.00 -9999.00 -9999.00 1656.68 1656.49 1656.26 1656.08 1655.59 1654.84 1653.73 1653.05 1652.23 1651.28 1650.32 1649.44 1648.38 1647.29 1646.27 1644.98 1643.92 1642.65 1641.41 1639.95 1638.06 1636.16 1634.00 1631.70 1629.42 1627.23 1625.05 1622.56 1620.18 1617.44
-9999.00 -9999.00 -9999.00 -9999.00 -9999.00 -9999.00 -9999.00 -9999.00 -9999.00 -9999.00 -9999.00 -9999.00 -9999.00 -9999.00 -9999.00 -9999.00 -9999.00 -9999.00 -9999.00 -9999.00 -9999.00 -9999.00 -9999.00 -9999.00 -9999.00 -9999.00 -9999.00 -9999.00 -9999.00 -9999.00 -9999.00 -9999.00 -9999.00 -9999.00 -9999.00 1657.67 1657.69 1657.34 1656.87 1656.38 1655.66 1654.66 1653.39 1652.56 1651.54 1650.63 1649.53 1648.44 1647.11 1645.92 1644.61 1643.33 1641.93 1640.33 1638.23 1636.23 1634.01 1631.85 1629.47 1627.47 1625.12 1622.55 1620.02 1617.32 1613.99
-9999.00 -9999.00 -9999.00 -9999.00 -9999.00 -9999.00 -9999.00 -9999.00 -9999.00 -9999.00 -9999.00 -9999.00 -9999.00 -9999.00 -9999.00 -9999.00 -9999.00 -9999.00 -9999.00 -9999.00 -9999.00 -9999.00 -9999.00 -9999.00 -9999.00 -9999.00 -9999.00 -9999.00 -9999.00 -9999.00 -9999.00 -9999.00 -9999.00 -9999.00 -9999.00 1659.13 1659.15 1658.81 1658.23 1657.39 1656.27 1655.19 1653.76 1652.67 1651.62 1650.62 1649.48 1648.05 1646.62 1645.42 1643.93 1642.39 1640.78 1638.61 1636.24 1633.83 1631.65 1629.45 1627.29 1625.12 1622.69 1619.98 1616.95 1613.63 1610.72
-9999.00 -9999.00 -9999.00 -9999.00 -9999.00 -9999.00 -9999.00 -9999.00 -9999.00 -9999.00 -9999.00 -9999.00 -9999.00 -9999.00 -9999.00 -9999.00 -9999.00 -9999.00 -9999.00 -9999.00 -9999.00 -9999.00 -9999.00 -9999.00 -9999.00 -9999.00 -9999.00 -9999.00 -9999.00 -9999.00 -9999.00 -9999.00 -9999.00 -9999.00 -9999.00 1660.41 1660.32 1659.91 1659.26 1658.35 1656.52 1655.45 1653.89 1652.57 1651.51 1650.29 1648.99 1647.40 1645.99 1644.49 1642.71 1640.86 1638.46 1635.80 1633.22 1630.93 1628.77 1626.71 1624.56 1622.34 1619.94 1617.08 1613.96 1610.64 1607.70
-9999.00 -9999.00 -9999.00 -9999.00 -9999.00 -9999.00 -9999.00 -9999.00 -9999.00 -9999.00 -9999.00 -9999.00 -9999.00 -9999.00 -9999.00 -9999.00 -9999.00 -9999.00 -9999.00 -9999.00 -9999.00 -9999.00 -9999.00 -9999.00 -9999.00 -9999.00 -9999.00 -9999.00 -9999.00 -9999.00 -9999.00 -9999.00 -9999.00 -9999.00 -9999.00 1661.15 1660.91 1660.34 1659.46 1658.44 1656.80 1655.17 1653.66 1652.46 1651.09 1649.78 1648.33 1646.59 1644.72 1643.23 1640.91 1638.26 1635.46 1632.76 1630.40 1628.09 1625.73 1623.48 1621.25 1618.78 1616.03 1613.11 1610.52 1607.88 1604.76
-9999.00 -9999.00 -9999.00 -9999.00 -9999.00 -9999.00 -9999.00 -9999.00 -9999.00 -9999.00 -9999.00 -9999.00 -9999.00 -9999.00 -9999.00 -9999.00 -9999.00 -9999.00 -9999.00 -9999.00 -9999.00 -9999.00 -9999.00 -9999.00 -9999.00 -9999.00 -9999.00 -9999.00 -9999.00 -9999.00 -9999.00 -9999.00 -9999.00 -9999.00 -9999.00 1661.69 1661.26 1660.62 1659.59 1658.26 1656.25 1654.72 1653.13 1651.88 1650.32 1648.72 1647.00 1645.18 1643.06 1640.97 1638.29 1635.24 1632.57 1629.94 1627.47 1624.95 1622.43 1619.62 1617.01 1614.42 1612.02 1609.93 1607.71 1605.13 1602.17
-9999.00 -9999.00 -9999.00 -9999.00 -9999.00 -9999.00 -9999.00 -9999.00 -9999.00 -9999.00 -9999.00 -9999.00 -9999.00 -9999.00 -9999.00 -9999.00 -9999.00 -9999.00 -9999.00 -9999.00 -9999.00 -9999.00 -9999.00 -9999.00 -9999.00 -9999.00 -9999.00 -9999.00 -9999.00 -9999.00 -9999.00 -9999.00 -9999.00 -9999.00 -9999.00 1662.08 1661.58 1660.73 1659.47 1657.84 1655.89 1654.25 1652.60 1651.11 1649.34 1647.47 1645.68 1643.42 1640.80 1638.12 1635.39 1632.39 1629.74 1626.97 1624.09 1621.19 1618.22 1615.44 1612.84 1610.58 1608.62 1606.65 1604.67 1602.39 1599.68
-9999.00 -9999.00 -9999.00 -9999.00 -9999.00 -9999.00 -9999.00 -9999.00 -9999.00 -9999.00 -9999.00 -9999.00 -9999.00 -9999.00 -9999.00 -9999.00 -9999.00 -9999.00 -9999.00 -9999.00 -9999.00 -9999.00 -9999.00 -9999.00 -9999.00 -9999.00 -9999.00 -9999.00 -9999.00 -9999.00 -9999.00 -9999.00 -9999.00 -9999.00 1662.80 1662.27 1661.68 1660.65 1659.14 1657.22 1655.38 1653.59 1651.99 1650.26 1648.32 1646.14 1643.96 1641.42 1638.69 1635.70 1633.57 1629.80 1626.93 1624.03 1620.80 1617.43 1614.36 1611.58 1609.22 1607.23 1605.30 1603.55 1601.76 1599.79 1597.39
-9999.00 -9999.00 -9999.00 -9999.00 -9999.00 -9999.00 -9999.00 -9999.00 -9999.00 -9999.00 -9999.00 -9999.00 -9999.00 -9999.00 -9999.00 -9999.00 -9999.00 -9999.00 -9999.00 -9999.00 -9999.00 -9999.00 -9999.00 -9999.00 -9999.00 -9999.00 -9999.00 -9999.00 -9999.00 -9999.00 -9999.00 -9999.00 -9999.00 1663.63 1663.25 1662.58 1661.69 1660.53 1658.86 1656.63 1654.81 1653.03 1651.31 1649.34 1647.05 1644.68 1642.23 1639.38 1636.54 1633.39 1631.03 1627.25 1624.04 1620.77 1617.25 1613.85 1610.76 1607.82 1605.43 1603.37 1601.44 1599.63 1598.28 1596.87 1595.21
-9999.00 -9999.00 -9999.00 -9999.00 -9999.00 -9999.00 -9999.00 -9999.00 -9999.00 -9999.00 -9999.00 -9999.00 -9999.00 -9999.00 -9999.00 -9999.00 -9999.00 -9999.00 -9999.00 -9999.00 -9999.00 -9999.00 -9999.00 -9999.00 -9999.00 -9999.00 -9999.00 -9999.00 -9999.00 -9999.00 -9999.00 -9999.00 -9999.00 1664.07 1663.63 1662.94 1661.87 1660.46 1658.66 1656.34 1654.41 1652.65 1650.74 1648.58 1646.04 1643.40 1640.54 1637.40 1634.40 1631.38 1628.98 1624.56 1620.78 1617.31 1614.25 1611.18 1608.70 1606.50 1604.51 1602.68 1600.45 1598.18 1596.35 1594.59 1592.67
-9999.00 -9999.00 -9999.00 -9999.00 -9999.00 -9999.00 -9999.00 -9999.00 -9999.00 -9999.00 -9999.00 -9999.00 -9999.00 -9999.00 -9999.00 -9999.00 -9999.00 -9999.00 -9999.00 -9999.00 -9999.00 -9999.00 -9999.00 -9999.00 -9999.00 -9999.00 -9999.00 -9999.00 -9999.00 -9999.00 -9999.00 -9999.00 1664.91 1664.54 1664.02 1663.27 1662.16 1660.58 1658.62 1656.29 1654.31 1652.60 1650.49 1648.17 1645.68 1642.86 1639.48 1635.71 1633.43 1630.70 1628.90 1625.28 1622.47 1619.64 1616.85 1613.96 1611.34 1609.07 1606.70 1604.33 1602.16 1599.54 1597.24 1595.13 1592.46
-9999.00 -9999.00 -9999.00 -9999.00 -9999.00 -9999.00 -9999.00 -9999.00 -9999.00 -9999.00 -9999.00 -9999.00 -9999.00 -9999.00 -9999.00 -9999.00 -9999.00 -9999.00 -9999.00 -9999.00 -9999.00 -9999.00 -9999.00 -9999.00 -9999.00 -9999.00 -9999.00 -9999.00 -9999.00 -9999.00 -9999.00 1665.68 1665.44 1665.01 1664.43 1663.56 1662.43 1660.68 1658.54 1656.26 1654.38 1652.66 1650.55 1648.26 1646.23 1643.74 1640.91 1637.67 1635.18 1632.97 1631.18 1628.07 1625.45 1622.81 1619.88 1616.67 1613.57 1610.89 1608.37 1605.56 1602.93 1600.20 1597.41 1594.63 1591.52
-9999.00 -9999.00 -9999.00 -9999.00 -9999.00 -9999.00 -9999.00 -9999.00 -9999.00 -9999.00 -9999.00 -9999.00 -9999.00 -9999.00 -9999.00 -9999.00 -9999.00 -9999.00 -9999.00 -9999.00 -9999.00 -9999.00 -9999.00 -9999.00 -9999.00 -9999.00 -9999.00 -9999.00 -9999.00 -9999.00 -9999.00 1666.32 1666.02 1665.51 1664.82 1663.89 1662.70 1660.96 1658.77 1656.54 1654.65 1653.06 1651.04 1649.06 1647.24 1645.04 1642.63 1639.97 1637.22 1634.63 1632.68 1629.74 1627.20 1624.50 1621.75 1618.24 1614.60 1611.67 1608.92 1605.79 1602.95 1599.75 1596.82 1593.27 1591.96
-9999.00 -9999.00 -9999.00 -9999.00 -9999.00 -9999.00 -9999.00 -9999.00 -9999.00 -9999.00 -9999.00 -9999.00 -9999.00 -9999.00 -9999.00 -9999.00 -9999.00 -9999.00 -9999.00 -9999.00 -9999.00 -9999.00 -9999.00 -9999.00 -9999.00 -9999.00 -9999.00 -9999.00 -9999.00 -9999.00 -9999.00 1667.02 1666.63 1665.97 1665.11 1664.20 1663.01 1661.40 1659.28 1656.86 1655.11 1653.60 1651.63 1649.99 1648.01 1646.14 1643.96 1641.28 1638.56 1635.66 1633.90 1630.44 1627.81 1625.07 1622.49 1618.18 1614.23 1611.14 1608.00 1604.92 1601.93 1598.84 1595.33 1592.44 1593.77
-9999.00 -9999.00 -9999.00 -9999.00 -9999.00 -9999.00 -9999.00 -9999.00 -9999.00 -9999.00 -9999.00 -9999.00 -9999.00 -9999.00 -9999.00 -9999.00 -9999.00 -9999.00 -9999.00 -9999.00 -9999.00 -9999.00 -9999.00 -9999.00 -9999.00 -9999.00 -9999.00 -9999.00 -9999.00 -9999.00 -9999.00 1667.46 1667.09 1666.43 1665.47 1664.58 1663.47 1661.87 1659.79 1657.27 1655.45 1654.02 1652.20 1650.47 1648.54 1646.55 1644.45 1641.64 1638.75 1635.89 1633.52 1630.04 1627.22 1624.30 1620.39 1615.88 1612.41 1609.29 1606.20 1603.27 1600.29 1596.60 1593.56 1593.63 1596.43
-9999.00 -9999.00 -9999.00 -9999.00 -9999.00 -9999.00 -9999.00 -9999.00 -9999.00 -9999.00 -9999.00 -9999.00 -9999.00 -9999.00 -9999.00 -9999.00 -9999.00 -9999.00 -9999.00 -9999.00 -9999.00 -9999.00 -9999.00 -9999.00 -9999.00 -9999.00 -9999.00 -9999.00 -9999.00 -9999.00 1668.73 1668.40 1667.67 1666.97 1665.97 1664.90 1663.95 1662.27 1660.00 1657.55 1655.77 1654.26 1652.54 1650.58 1648.47 1646.42 1643.80 1640.81 1637.90 1634.92 1631.90 1628.44 1625.14 1621.33 1616.88 1612.99 1609.69 1606.52 1603.74 1600.69 1597.28 1594.70 1594.88 1595.32 1598.28
-9999.00 -9999.00 -9999.00 -9999.00 -9999.00 -9999.00 -9999.00 -9999.00 -9999.00 -9999.00 -9999.00 -9999.00 -9999.00 -9999.00 -9999.00 -9999.00 -9999.00 -9999.00 -9999.00 -9999.00 -9999.00 -9999.00 -9999.00 -9999.00 -9999.00 -9999.00 -9999.00 -9999.00 -9999.00 -9999.00 1669.12 1668.80 1668.38 1667.29 1666.44 1665.23 1664.04 1662.42 1660.12 1657.79 1655.83 1654.24 1652.37 1650.19 1647.97 1645.61 1642.44 1639.32 1636.18 1632.88 1629.33 1625.83 1621.78 1617.25 1613.48 1610.02 1606.72 1603.51 1599.88 1596.85 1596.01 1596.70 1597.16 1597.05 1599.08
-9999.00 -9999.00 -9999.00 -9999.00 -9999.00 -9999.00 -9999.00 -9999.00 -9999.00 -9999.00 -9999.00 -9999.00 -9999.00 -9999.00 -9999.00 -9999.00 -9999.00 -9999.00 -9999.00 -9999.00 -9999.00 -9999.00 -9999.00 -9999.00 -9999.00 -9999.00 -9999.00 -9999.00 -9999.00 1669.74 1669.55 1669.14 1668.77 1667.63 1666.71 1665.43 1664.36 1662.41 1660.00 1657.73 1655.70 1653.95 1651.90 1649.47 1647.07 1643.95 1640.68 1637.17 1633.82 1630.16 1626.32 1623.49 1617.56 1613.55 1610.01 1606.60 1602.42 1598.57 1597.72 1598.32 1598.80 1599.45 1600.34 1600.53 1600.01
-9999.00 -9999.00 -9999.00 -9999.00 -9999.00 -9999.00 -9999.00 -9999.00 -9999.00 -9999.00 -9999.00 -9999.00 -9999.00 -9999.00 -9999.00 -9999.00 -9999.00 -9999.00 -9999.00 -9999.00 -9999.00 -9999.00 -9999.00 -9999.00 -9999.00 -9999.00 -9999.00 -9999.00 -9999.00 1670.30 1669.93 1669.46 1669.06 1667.95 1666.90 1665.51 1664.06 1662.12 1659.66 1657.22 1655.34 1653.37 1650.96 1648.33 1645.62 1641.94 1638.52 1634.76 1630.92 1627.04 1622.86 1618.89 1613.80 1610.17 1606.47 1602.11 1598.70 1599.68 1601.18 1601.82 1602.69 1603.64 1604.37 1604.14 1603.06
-9999.00 -9999.00 -9999.00 -9999.00 -9999.00 -9999.00 -9999.00 -9999.00 -9999.00 -9999.00 -9999.00 -9999.00 -9999.00 -9999.00 -9999.00 -9999.00 -9999.00 -9999.00 -9999.00 -9999.00 -9999.00 -9999.00 -9999.00 -9999.00 -9999.00 -9999.00 -9999.00 -9999.00 -9999.00 1670.82 1670.47 1669.93 1669.30 1668.00 1666.89 1665.41 1663.76 1661.62 1658.95 1656.63 1654.62 1652.41 1649.78 1646.72 1643.27 1639.49 1635.73 1631.79 1627.56 1623.30 1618.67 1615.07 1610.40 1606.53 1602.06 1600.59 1601.71 1603.89 1605.17 1606.46 1607.57 1608.33 1608.59 1608.27 1607.09
-9999.00 -9999.00 -9999.00 -9999.00 -9999.00 -9999.00 -9999.00 -9999.00 -9999.00 -9999.00 -9999.00 -9999.00 -9999.00 -9999.00 -9999.00 -9999.00 -9999.00 -9999.00 -9999.00 -9999.00 -9999.00 -9999.00 -9999.00 -9999.00 -9999.00 -9999.00 -9999.00 -9999.00 -9999.00 1671.14 1670.81 1670.13 1669.42 1667.97 1666.72 1665.14 1663.20 1660.66 1658.23 1655.90 1653.64 1651.00 1647.90 1644.33 1640.82 1636.84 1632.93 1628.70 1624.10 1619.54 1615.01 1611.22 1606.81 1603.16 1602.58 1604.71 1606.53 1608.42 1609.93 1611.26 1612.20 1612.78 1612.62 1612.10 1611.16
-9999.00 -9999.00 -9999.00 -9999.00 -9999.00 -9999.00 -9999.00 -9999.00 -9999.00 -9999.00 -9999.00 -9999.00 -9999.00 -9999.00 -9999.00 -9999.00 -9999.00 -9999.00 -9999.00 -9999.00 -9999.00 -9999.00 -9999.00 -9999.00 -9999.00 -9999.00 -9999.00 -9999.00 1671.79 1671.42 1670.96 1670.12 1669.17 1667.70 1666.48 1664.57 1662.20 1659.57 1657.22 1654.95 1652.41 1649.50 1645.90 1642.22 1638.55 1634.35 1630.32 1625.76 1620.69 1616.00 1611.73 1607.35 1603.64 1604.04 1606.64 1608.97 1611.06 1613.02 1614.63 1615.90 1616.57 1616.79 1616.60 1616.15 1615.19
-9999.00 -9999.00 -9999.00 -9999.00 -9999.00 -9999.00 -9999.00 -9999.00 -9999.00 -9999.00 -9999.00 -9999.00 -9999.00 -9999.00 -9999.00 -9999.00 -9999.00 -9999.00 -9999.00 -9999.00 -9999.00 -9999.00 -9999.00 -9999.00 -9999.00 -9999.00 -9999.00 1672.40 1672.05 1671.59 1670.85 1669.76 1668.66 1667.51 1665.78 1663.54 1661.03 1658.39 1656.10 1653.64 1650.83 1647.66 1643.95 1640.22 1636.33 1631.99 1627.91 1622.57 1617.37 1612.73 1607.85 1605.11 1606.38 1608.71 1611.34 1613.76 1616.00 1617.62 1618.92 1619.82 1620.25 1620.49 1620.60 1620.23 1619.47
-9999.00 -9999.00 -9999.00 -9999.00 -9999.00 -9999.00 -9999.00 -9999.00 -9999.00 -9999.00 -9999.00 -9999.00 -9999.00 -9999.00 -9999.00 -9999.00 -9999.00 -9999.00 -9999.00 -9999.00 -9999.00 -9999.00 -9999.00 -9999.00 -9999.00 -9999.00 1672.88 1672.65 1672.20 1671.50 1670.45 1669.07 1668.20 1666.75 1664.84 1662.26 1659.58 1657.29 1654.81 1652.05 1649.03 1645.46 1641.61 1637.79 1633.51 1629.40 1624.56 1618.84 1614.26 1609.23 1606.93 1608.63 1611.17 1613.66 1616.26 1618.50 1620.48 1622.22 1623.50 1624.18 1624.44 1624.63 1624.57 1624.20 1623.35
-9999.00 -9999.00 -9999.00 -9999.00 -9999.00 -9999.00 -9999.00 -9999.00 -9999.00 -9999.00 -9999.00 -9999.00 -9999.00 -9999.00 -9999.00 -9999.00 -9999.00 -9999.00 -9999.00 -9999.00 -9999.00 -9999.00 -9999.00 -9999.00 -9999.00 1673.42 1673.01 1672.62 1672.08 1671.11 1669.83 1668.58 1667.40 1665.70 1663.53 1660.84 1658.41 1656.07 1653.31 1650.26 1646.83 1643.12 1639.23 1635.09 1631.00 1626.16 1620.86 1615.59 1610.81 1608.11 1610.57 1612.94 1616.00 1618.58 1621.18 1623.50 1625.42 1626.54 1627.51 1627.96 1628.28 1628.46 1628.21 1627.64 1626.77
-9999.00 -9999.00 -9999.00 -9999.00 -9999.00 -9999.00 -9999.00 -9999.00 -9999.00 -9999.00 -9999.00 -9999.00 -9999.00 -9999.00 -9999.00 -9999.00 -9999.00 -9999.00 -9999.00 -9999.00 -9999.00 -9999.00 -9999.00 -9999.00 1673.84 1673.53 1673.01 1672.43 1671.69 1670.50 1669.47 1667.89 1666.49 1664.51 1662.12 1659.39 1657.07 1654.60 1651.46 1648.24 1644.51 1640.59 1636.54 1632.65 1627.94 1622.78 1617.44 1611.74 1609.87 1612.11 1615.17 1617.19 1620.74 1623.66 1625.93 1627.99 1629.42 1630.38 1631.13 1631.77 1631.95 1632.00 1631.66 1631.07 1630.02
-9999.00 -9999.00 -9999.00 -9999.00 -9999.00 -9999.00 -9999.00 -9999.00 -9999.00 -9999.00 -9999.00 -9999.00 -9999.00 -9999.00 -9999.00 -9999.00 -9999.00 -9999.00 -9999.00 -9999.00 -9999.00 -9999.00 -9999.00 1674.08 1673.89 1673.45 1672.81 1672.03 1671.08 1670.12 1668.92 1667.08 1665.30 1662.79 1660.17 1657.84 1655.39 1652.45 1649.33 1645.73 1641.72 1637.79 1633.69 1629.43 1624.64 1619.57 1614.06 1611.08 1613.39 1616.39 1619.43 1622.08 1625.64 1628.10 1630.22 1631.71 1633.06 1634.15 1634.86 1635.34 1635.41 1635.09 1634.66 1634.13 1633.27
-9999.00 -9999.00 -9999.00 -9999.00 -9999.00 -9999.00 -9999.00 -9999.00 -9999.00 -9999.00 -9999.00 -9999.00 -9999.00 -9999.00 -9999.00 -9999.00 -9999.00 -9999.00 -9999.00 -9999.00 -9999.00 -9999.00 1674.12 1673.97 1673.61 1672.87 1672.22 1671.36 1670.38 1669.47 1667.92 1665.56 1663.68 1661.04 1658.63 1656.25 1653.41 1650.32 1646.91 1643.05 1639.21 1635.07 1630.85 1626.43 1621.54 1616.24 1612.08 1614.19 1617.43 1620.28 1623.94 1626.48 1629.76 1631.91 1633.92 1635.44 1636.69 1637.61 1638.25 1638.50 1638.54 1638.16 1637.67 1637.11 1636.18
