last_chance_experiments/smoothing_DEMS/smooth_lc3_dem.txt
ncols	170																																																																																																																																																																								
nrows	202																																																																																																																																																																								
xllcorner	526725.369																																																																																																																																																																								
yllcorner	3566768.517																																																																																																																																																																								
cellsize	10																																																																																																																																																																								
NODATA_value	-9999																																																																																																																																																																								
[rows 116 to 144 of 202, columns 65 to 129 of 170]
1618.30 1615.88 1613.32 1610.82 1608.31 1606.25 1604.08 1601.76 1599.21 1596.59 1594.02 1591.29 1588.39 1585.33 1582.22 1580.79 1583.22 1585.53 1587.26 1589.00 1590.58 1591.78 1592.30 1592.26 1591.39 1590.12 1588.58 1589.55 1591.67 1593.89 1596.18 1598.18 1600.09 1601.69 1602.88 1603.63 1603.92 1603.99 1603.82 1603.36 1602.56 1601.67 1602.24 1605.95 1609.74 1613.61 1617.50 1620.98 1624.16 1626.60 1629.04 1631.23 1632.92 1634.49 1635.77 1636.87 1637.83 1638.71 1639.52 1640.15 1640.80 1641.39 1641.86 1642.39 1642.60
1614.49 1611.82 1609.36 1606.57 1603.98 1601.80 1599.58 1597.35 1595.22 1593.10 1590.81 1588.33 1585.63 1582.93 1581.26 1583.50 1586.27 1588.13 1589.83 1591.37 1592.57 1593.31 1593.25 1592.60 1591.53 1589.91 1590.25 1592.31 1594.49 1596.69 1598.91 1601.23 1603.19 1604.89 1606.12 1607.02 1607.42 1607.62 1607.52 1607.04 1606.24 1605.18 1603.99 1605.20 1609.26 1613.22 1617.19 1620.78 1624.16 1626.85 1629.60 1631.93 1634.00 1635.69 1637.05 1638.18 1639.16 1639.97 1640.82 1641.56 1642.05 1642.70 1643.00 1643.24 1643.45
1611.05 1608.22 1605.39 1602.34 1599.68 1597.35 1595.19 1593.21 1591.33 1589.45 1587.38 1585.15 1582.90 1582.13 1584.13 1587.14 1589.15 1590.88 1592.37 1593.58 1594.52 1594.80 1594.22 1593.07 1591.70 1591.50 1593.39 1595.40 1597.36 1599.54 1601.91 1604.05 1606.18 1607.88 1609.35 1610.33 1610.89 1611.16 1611.14 1610.83 1610.04 1608.98 1607.49 1606.22 1608.97 1613.17 1617.04 1620.65 1624.28 1627.26 1630.06 1632.56 1634.85 1636.82 1638.17 1639.35 1640.29 1641.21 1642.02 1642.80 1643.26 1643.76 1644.08 1644.25 1644.31
1607.68 1604.46 1601.26 1598.29 1595.58 1593.07 1590.92 1588.94 1586.94 1585.45 1584.09 1583.18 1584.02 1585.93 1588.21 1590.35 1592.19 1593.65 1594.93 1595.97 1596.41 1596.12 1595.18 1593.49 1592.90 1594.32 1596.29 1598.36 1600.44 1602.63 1604.78 1607.11 1609.25 1611.08 1612.42 1613.48 1614.02 1614.16 1614.02 1613.70 1613.17 1612.41 1611.39 1609.96 1609.66 1613.45 1617.42 1620.91 1624.57 1627.78 1630.72 1633.30 1635.72 1637.72 1639.18 1640.38 1641.42 1642.35 1643.27 1644.06 1644.44 1644.74 1644.86 1644.88 1644.60
1604.45 1601.08 1597.76 1594.48 1591.14 1588.66 1586.47 1585.53 1585.15 1584.94 1585.61 1586.79 1588.43 1590.18 1592.12 1593.74 1595.28 1596.60 1597.65 1598.34 1598.29 1597.29 1595.92 1594.18 1595.16 1597.22 1599.37 1601.42 1603.53 1605.75 1608.11 1610.28 1612.19 1614.00 1615.79 1616.87 1617.47 1617.62 1617.42 1617.12 1616.51 1615.63 1614.56 1613.39 1612.09 1614.06 1618.14 1621.70 1625.18 1628.47 1631.40 1634.16 1636.62 1638.60 1640.09 1641.43 1642.53 1643.51 1644.40 1644.88 1645.23 1645.47 1645.47 1645.35 -9999.00
1601.50 1598.05 1594.57 1590.63 1587.49 1587.07 1587.44 1588.06 1588.75 1589.44 1590.37 1591.63 1592.99 1594.32 1595.81 1597.30 1598.49 1599.60 1600.46 1600.77 1600.02 1598.58 1596.59 1595.50 1597.56 1599.92 1602.20 1604.57 1606.79 1609.05 1611.13 1613.12 1615.19 1617.12 1618.55 1619.64 1620.43 1620.68 1620.64 1620.33 1619.75 1619.01 1618.12 1617.16 1616.13 1616.65 1619.51 1622.99 1626.17 1629.35 1632.32 1635.18 1637.65 1639.39 1641.00 1642.46 1643.62 1644.59 1645.21 1645.78 1646.12 1646.41 1646.37 -9999.00 -9999.00
1598.93 1595.49 1591.74 1588.23 1588.00 1589.59 1591.11 1592.31 1593.26 1594.14 1595.04 1596.17 1597.21 1598.46 1599.63 1600.83 1601.83 1602.58 1603.00 1602.82 1601.65 1599.68 1597.53 1597.58 1600.25 1602.70 1605.20 1607.66 1609.95 1612.06 1614.15 1616.27 1618.12 1619.85 1621.35 1622.61 1623.42 1623.87 1623.94 1623.72 1623.23 1622.26 1621.35 1620.47 1619.86 1620.17 1621.96 1624.71 1627.58 1630.61 1633.52 1636.27 1638.49 1640.38 1642.05 1643.53 1644.71 1645.69 1646.54 1647.58 1648.33 1648.95 1648.83 -9999.00 -9999.00
1596.67 1593.41 1589.74 1588.30 1590.66 1593.52 1595.56 1596.85 1597.75 1598.57 1599.41 1600.35 1601.28 1602.41 1603.39 1604.32 1604.98 1605.49 1605.44 1604.76 1603.06 1600.84 1598.61 1600.09 1602.83 1605.45 1608.35 1610.75 1612.86 1615.07 1617.16 1619.05 1620.96 1622.70 1624.13 1625.47 1626.29 1626.87 1626.86 1626.61 1626.21 1625.55 1624.65 1623.89 1623.33 1623.85 1624.93 1626.93 1629.58 1632.31 1634.94 1637.52 1639.62 1641.61 1643.15 1644.64 1645.92 1647.12 1648.66 1650.01 1650.76 1651.16 -9999.00 -9999.00 -9999.00
1594.81 1591.60 1588.98 1590.43 1594.42 1597.26 1599.44 1600.98 1602.05 1602.91 1603.70 1604.56 1605.46 1606.27 1607.12 1607.86 1608.38 1608.55 1608.11 1606.57 1604.44 1601.88 1600.08 1602.54 1605.35 1608.29 1611.16 1613.49 1615.92 1618.00 1620.21 1622.06 1623.72 1625.44 1626.87 1628.07 1628.94 1629.55 1629.79 1629.62 1629.21 1628.60 1627.91 1627.24 1626.85 1627.07 1628.11 1629.79 1631.88 1634.28 1636.69 1638.90 1640.98 1642.83 1644.53 1646.03 1647.43 1648.96 1650.87 1651.83 1652.64 -9999.00 -9999.00 -9999.00 -9999.00
1592.93 1590.29 1589.62 1593.94 1597.79 1601.02 1603.32 1604.97 1606.18 1607.21 1607.95 1608.62 1609.38 1610.03 1610.53 1610.90 1611.04 1610.92 1610.19 1608.56 1605.89 1602.94 1602.07 1604.84 1607.97 1611.12 1613.95 1616.42 1618.89 1621.19 1623.10 1624.78 1626.54 1628.03 1629.42 1630.58 1631.50 1632.04 1632.33 1632.31 1632.04 1631.60 1631.07 1630.61 1630.38 1630.64 1631.56 1632.79 1634.54 1636.59 1638.54 1640.56 1642.52 1644.35 1646.03 1647.63 1649.53 1651.21 1652.46 1652.87 1652.83 -9999.00 -9999.00 -9999.00 -9999.00
1590.96 1589.92 1592.81 1597.53 1601.33 1604.59 1607.02 1609.01 1610.26 1611.14 1611.73 1612.22 1612.62 1613.15 1613.62 1613.89 1613.68 1613.11 1612.01 1610.32 1607.49 1604.22 1604.16 1607.20 1610.57 1613.82 1616.64 1619.25 1621.77 1623.79 1625.58 1627.23 1628.87 1630.46 1631.79 1633.02 1633.98 1634.65 1635.03 1635.10 1634.94 1634.61 1634.13 1633.88 1633.83 1633.97 1634.73 1635.81 1637.14 1638.71 1640.41 1642.21 1644.10 1645.93 1647.58 1649.55 1651.52 1652.69 1653.32 1653.44 -9999.00 -9999.00 -9999.00 -9999.00 -9999.00
1590.72 1592.86 1596.69 1600.78 1604.55 1608.01 1610.83 1612.93 1614.22 1614.86 1615.16 1615.59 1616.13 1616.72 1617.22 1617.28 1616.83 1615.72 1614.07 1611.88 1609.28 1605.78 1606.22 1609.59 1613.06 1616.30 1619.15 1621.84 1624.16 1626.20 1627.96 1629.69 1631.31 1632.82 1634.29 1635.47 1636.37 1636.94 1637.37 1637.48 1637.42 1637.22 1636.93 1636.81 1636.73 1637.04 1637.56 1638.36 1639.60 1640.93 1642.52 1644.18 1646.02 1647.82 1649.56 1651.60 1652.88 1653.59 1653.85 -9999.00 -9999.00 -9999.00 -9999.00 -9999.00 -9999.00
1592.80 1596.00 1599.73 1603.78 1607.66 1611.21 1614.02 1616.25 1617.46 1618.24 1618.61 1619.17 1619.55 1619.86 1619.99 1619.77 1619.01 1617.77 1616.00 1613.45 1610.90 1607.51 1608.02 1611.38 1615.23 1618.30 1621.40 1623.92 1626.33 1628.43 1630.34 1632.07 1633.78 1635.28 1636.52 1637.59 1638.39 1639.00 1639.41 1639.67 1639.70 1639.59 1639.42 1639.39 1639.46 1639.75 1640.31 1640.97 1642.09 1643.33 1644.80 1646.38 1647.95 1650.10 1651.94 1653.16 1653.93 1654.36 1654.25 -9999.00 -9999.00 -9999.00 -9999.00 -9999.00 -9999.00
1594.96 1598.54 1602.44 1606.47 1610.37 1614.13 1617.38 1619.57 1620.55 1621.36 1622.01 1622.44 1622.74 1622.78 1622.61 1622.14 1621.20 1619.76 1617.81 1615.40 1612.56 1609.66 1609.17 1613.15 1616.83 1620.19 1623.24 1625.88 1628.33 1630.52 1632.49 1634.46 1635.99 1637.31 1638.44 1639.48 1640.28 1640.97 1641.51 1641.84 1641.94 1641.87 1641.81 1641.76 1641.92 1642.29 1642.97 1643.78 1644.84 1645.92 1647.12 1648.70 1650.53 1652.21 1653.55 1654.32 1654.72 1654.68 -9999.00 -9999.00 -9999.00 -9999.00 -9999.00 -9999.00 -9999.00
1597.37 1601.04 1604.88 1608.84 1613.07 1616.90 1620.04 1622.05 1623.42 1624.27 1624.92 1625.33 1625.55 1625.47 1625.07 1624.22 1623.17 1621.77 1619.70 1617.59 1614.91 1612.12 1611.35 1614.49 1618.19 1621.75 1624.82 1627.59 1630.17 1632.45 1634.61 1636.47 1637.80 1639.10 1640.27 1641.34 1642.22 1642.93 1643.54 1643.86 1644.07 1644.15 1644.23 1644.33 1644.51 1644.92 1645.55 1646.27 1647.24 1648.45 1649.77 1651.33 1652.85 1654.12 1654.81 1655.26 1655.70 1655.43 -9999.00 -9999.00 -9999.00 -9999.00 -9999.00 -9999.00 -9999.00
1599.82 1603.43 1607.03 1611.10 1615.39 1619.21 1622.16 1624.29 1625.68 1626.75 1627.41 1627.86 1627.92 1627.82 1627.27 1626.36 1625.07 1623.56 1621.87 1619.70 1617.66 1615.86 1615.84 1616.78 1619.71 1623.12 1626.34 1629.34 1631.82 1634.35 1636.46 1638.07 1639.55 1640.89 1642.05 1643.13 1644.13 1644.81 1645.33 1645.75 1646.03 1646.24 1646.43 1646.59 1646.89 1647.38 1648.16 1649.12 1650.20 1651.34 1652.57 1653.79 1654.77 1655.49 1656.09 1656.88 1657.21 -9999.00 -9999.00 -9999.00 -9999.00 -9999.00 -9999.00 -9999.00 -9999.00
1601.73 1605.20 1608.91 1612.95 1617.16 1620.83 1623.84 1625.97 1627.80 1628.95 1629.73 1630.20 1630.12 1629.84 1629.26 1628.36 1627.11 1625.62 1623.95 1622.36 1620.68 1619.57 1619.65 1620.54 1621.75 1624.61 1627.89 1630.83 1633.61 1636.18 1638.04 1639.71 1641.23 1642.68 1643.80 1644.71 1645.59 1646.41 1647.15 1647.85 1648.53 1648.94 1649.20 1649.49 1649.86 1650.45 1651.32 1652.18 1653.08 1653.91 1654.75 1655.56 1656.45 1657.29 1657.83 1657.91 -9999.00 -9999.00 -9999.00 -9999.00 -9999.00 -9999.00 -9999.00 -9999.00 -9999.00
1602.62 1606.13 1610.03 1614.26 1618.53 1622.01 1625.06 1627.39 1629.38 1630.82 1631.71 1632.14 1632.18 1631.87 1631.33 1630.46 1629.26 1627.84 1626.43 1624.68 1623.51 1622.89 1623.08 1623.88 1624.84 1626.54 1629.71 1632.58 1635.38 1637.72 1639.61 1641.22 1642.86 1644.09 1645.16 1646.21 1647.44 1648.72 1649.76 1650.61 1651.36 1651.91 1652.33 1652.68 1653.07 1653.53 1654.01 1654.54 1655.15 1655.75 1656.58 1657.35 1658.00 1658.58 1658.48 -9999.00 -9999.00 -9999.00 -9999.00 -9999.00 -9999.00 -9999.00 -9999.00 -9999.00 -9999.00
1602.89 1606.62 1610.60 1614.99 1619.63 1623.08 1626.01 1628.60 1630.77 1632.22 1633.23 1633.88 1634.09 1633.81 1633.27 1632.45 1631.37 1630.14 1628.86 1627.75 1626.64 1626.15 1626.48 1627.30 1628.48 1629.65 1631.47 1634.33 1636.97 1639.13 1641.02 1642.75 1644.24 1645.50 1646.76 1648.31 1649.77 1651.03 1652.24 1653.15 1653.84 1654.43 1654.76 1655.09 1655.42 1655.71 1656.12 1656.50 1656.92 1657.48 1657.95 1658.27 1658.59 1658.40 -9999.00 -9999.00 -9999.00 -9999.00 -9999.00 -9999.00 -9999.00 -9999.00 -9999.00 -9999.00 -9999.00
1603.13 1606.76 1610.82 1615.06 1619.93 1623.49 1626.61 1629.41 1631.66 1633.29 1634.61 1635.44 1635.91 1635.80 1635.35 1634.62 1633.66 1632.65 1631.70 1630.75 1630.06 1629.90 1629.96 1630.77 1631.93 1633.08 1634.43 1636.39 1638.54 1640.54 1642.42 1644.02 1645.41 1646.83 1648.61 1650.33 1651.85 1653.24 1654.41 1655.04 1655.76 1656.21 1656.78 1657.20 1657.53 1657.85 1658.17 1658.37 1658.39 1658.42 1658.30 -9999.00 -9999.00 -9999.00 -9999.00 -9999.00 -9999.00 -9999.00 -9999.00 -9999.00 -9999.00 -9999.00 -9999.00 -9999.00 -9999.00
1605.54 1606.51 1610.64 1615.13 1619.66 1623.66 1626.91 1629.95 1632.37 1634.23 1635.83 1636.79 1637.31 1637.38 1637.15 1636.61 1635.85 1635.18 1634.54 1633.82 1633.30 1633.16 1633.51 1634.20 1635.15 1636.22 1637.17 1638.36 1640.12 1641.94 1643.86 1645.17 1646.72 1648.57 1650.51 1652.23 1653.73 1654.88 1656.12 1656.84 1657.58 1658.13 1658.63 1658.88 1659.09 1659.23 1659.26 1659.17 1658.96 -9999.00 -9999.00 -9999.00 -9999.00 -9999.00 -9999.00 -9999.00 -9999.00 -9999.00 -9999.00 -9999.00 -9999.00 -9999.00 -9999.00 -9999.00 -9999.00
1609.91 1608.55 1610.45 1615.10 1619.91 1623.67 1627.20 1630.46 1633.02 1635.22 1636.87 1637.84 1638.33 1638.65 1638.65 1638.38 1637.92 1637.36 1636.94 1636.63 1636.33 1636.29 1636.52 1636.98 1637.90 1638.78 1639.63 1640.59 1641.81 1643.32 1644.92 1646.44 1648.30 1650.43 1652.15 1653.76 1654.96 1656.16 1657.26 1658.20 1658.88 1659.30 1659.68 1660.12 1660.16 1660.15 1660.06 -9999.00 -9999.00 -9999.00 -9999.00 -9999.00 -9999.00 -9999.00 -9999.00 -9999.00 -9999.00 -9999.00 -9999.00 -9999.00 -9999.00 -9999.00 -9999.00 -9999.00 -9999.00
1614.02 1612.55 1611.18 1615.18 1620.15 1624.00 1627.65 1630.93 1633.64 1636.01 1637.78 1639.05 1639.82 1640.26 1640.30 1640.11 1639.82 1639.40 1639.07 1638.84 1638.74 1638.79 1639.08 1639.46 1640.21 1641.01 1641.81 1642.76 1643.73 1644.76 1646.37 1647.99 1650.11 1651.95 1653.67 1654.97 1656.15 1657.42 1658.42 1659.09 1659.64 1660.21 1660.49 1660.68 1660.54 -9999.00 -9999.00 -9999.00 -9999.00 -9999.00 -9999.00 -9999.00 -9999.00 -9999.00 -9999.00 -9999.00 -9999.00 -9999.00 -9999.00 -9999.00 -9999.00 -9999.00 -9999.00 -9999.00 -9999.00
1617.96 1616.31 1614.29 1615.59 1620.40 1624.41 1628.11 1631.46 1634.36 1636.90 1638.80 1640.16 1641.16 1641.72 1641.89 1641.83 1641.67 1641.42 1641.17 1641.02 1640.96 1641.11 1641.40 1641.77 1642.32 1643.15 1643.93 1644.62 1645.44 1646.36 1647.60 1649.75 1651.79 1653.45 1654.80 1656.09 1657.45 1658.49 1659.13 1659.77 1660.36 1660.67 1660.69 -9999.00 -9999.00 -9999.00 -9999.00 -9999.00 -9999.00 -9999.00 -9999.00 -9999.00 -9999.00 -9999.00 -9999.00 -9999.00 -9999.00 -9999.00 -9999.00 -9999.00 -9999.00 -9999.00 -9999.00 -9999.00 -9999.00
1622.10 1620.52 1617.99 1616.55 1621.13 1625.36 1628.87 1632.34 1635.19 1637.84 1639.88 1641.37 1642.40 1642.98 1643.30 1643.41 1643.38 1643.26 1643.25 1643.11 1643.08 1643.26 1643.55 1643.93 1644.43 1644.96 1645.64 1646.47 1647.13 1648.27 1649.93 1651.65 1653.31 1654.70 1655.95 1657.62 1658.55 1659.12 1659.76 1660.39 1660.72 1660.82 -9999.00 -9999.00 -9999.00 -9999.00 -9999.00 -9999.00 -9999.00 -9999.00 -9999.00 -9999.00 -9999.00 -9999.00 -9999.00 -9999.00 -9999.00 -9999.00 -9999.00 -9999.00 -9999.00 -9999.00 -9999.00 -9999.00 -9999.00
1625.63 1623.94 1621.99 1619.79 1622.96 1626.72 1630.07 1633.32 1636.26 1638.92 1641.02 1642.60 1643.61 1644.41 1644.85 1645.11 1645.24 1645.17 1645.10 1645.12 1645.23 1645.32 1645.55 1645.87 1646.20 1646.77 1647.45 1648.39 1649.52 1650.86 1652.19 1653.53 1654.72 1655.95 1657.36 1658.51 1659.42 1660.01 1660.45 1660.66 1660.81 -9999.00 -9999.00 -9999.00 -9999.00 -9999.00 -9999.00 -9999.00 -9999.00 -9999.00 -9999.00 -9999.00 -9999.00 -9999.00 -9999.00 -9999.00 -9999.00 -9999.00 -9999.00 -9999.00 -9999.00 -9999.00 -9999.00 -9999.00 -9999.00
1628.79 1627.21 1625.43 1623.76 1625.55 1628.59 1631.59 1634.72 1637.65 1640.25 1642.36 1643.90 1644.96 1645.61 1646.11 1646.55 1646.79 1646.87 1646.77 1647.04 1647.10 1647.35 1647.55 1647.88 1648.39 1648.98 1649.81 1650.97 1652.07 1653.06 1654.04 1654.97 1655.83 1657.20 1658.41 1659.15 1660.06 1660.55 1660.82 1660.92 -9999.00 -9999.00 -9999.00 -9999.00 -9999.00 -9999.00 -9999.00 -9999.00 -9999.00 -9999.00 -9999.00 -9999.00 -9999.00 -9999.00 -9999.00 -9999.00 -9999.00 -9999.00 -9999.00 -9999.00 -9999.00 -9999.00 -9999.00 -9999.00 -9999.00
1632.05 1630.56 1628.71 1627.66 1628.75 1631.23 1633.89 1636.71 1639.41 1641.89 1643.77 1645.20 1646.14 1647.06 1647.81 1648.35 1648.65 1648.81 1648.91 1649.29 1649.31 1649.46 1649.72 1650.19 1650.91 1651.62 1652.38 1653.32 1654.14 1654.89 1655.99 1656.52 1657.53 1658.55 1659.21 1659.90 1660.60 1661.02 1661.15 -9999.00 -9999.00 -9999.00 -9999.00 -9999.00 -9999.00 -9999.00 -9999.00 -9999.00 -9999.00 -9999.00 -9999.00 -9999.00 -9999.00 -9999.00 -9999.00 -9999.00 -9999.00 -9999.00 -9999.00 -9999.00 -9999.00 -9999.00 -9999.00 -9999.00 -9999.00
1635.00 1633.71 1632.34 1631.73 1632.58 1634.27 1636.75 1639.14 1641.39 1643.59 1645.27 1646.50 1647.75 1648.92 1649.87 1650.63 1651.05 1651.30 1651.51 1651.85 1652.10 1652.16 1652.48 1652.94 1653.41 1653.89 1654.51 1655.16 1655.70 1656.43 1657.28 1658.08 1658.82 1659.38 1659.92 1660.73 1661.09 1661.27 -9999.00 -9999.00 -9999.00 -9999.00 -9999.00 -9999.00 -9999.00 -9999.00 -9999.00 -9999.00 -9999.00 -9999.00 -9999.00 -9999.00 -9999.00 -9999.00 -9999.00 -9999.00 -9999.00 -9999.00 -9999.00 -9999.00 -9999.00 -9999.00 -9999.00 -9999.00 -9999.00
