last_chance_experiments/smoothing_DEMS/smooth_lc3_dem.txt
ncols	170																																																																																																																																																																								
nrows	202																																																																																																																																																																								
xllcorner	526725.369																																																																																																																																																																								
yllcorner	3566768.517																																																																																																																																																																								
cellsize	10																																																																																																																																																																								
NODATA_value	-9999																																																																																																																																																																								
[rows 58 to 86 of 202, columns 65 to 129 of 170]
1637.36 1637.24 1637.10 1637.01 1637.14 1637.08 1637.23 1637.46 1637.62 1637.80 1638.02 1638.22 1638.43 1638.59 1638.66 1638.61 1638.37 1637.91 1637.09 1636.07 1634.87 1633.29 1631.36 1629.31 1627.47 1625.27 1622.94 1620.58 1618.03 1615.44 1613.15 1611.32 1610.00 1608.85 1607.60 1606.14 1604.69 1603.17 1601.48 1599.60 1597.74 1596.10 1594.54 1593.08 1591.50 1590.05 1588.72 1587.54 1586.49 1585.31 1583.86 1582.47 1580.93 1578.53 1576.30 1573.91 1570.57 1566.68 1563.18 1559.70 1555.65 1552.09 1549.13 1542.61 1530.15
1637.10 1636.68 1636.49 1636.30 1636.24 1636.30 1636.47 1636.75 1637.05 1637.33 1637.64 1637.96 1638.17 1638.28 1638.34 1638.34 1638.07 1637.52 1636.67 1635.62 1634.34 1632.68 1630.49 1628.58 1626.42 1623.99 1621.66 1619.01 1616.18 1613.38 1611.02 1609.28 1607.65 1606.27 1605.12 1603.84 1602.49 1600.94 1599.20 1597.45 1595.85 1594.34 1592.58 1590.90 1589.26 1587.65 1586.47 1585.50 1584.53 1583.31 1582.17 1580.81 1579.01 1577.03 1575.41 1573.28 1570.06 1566.26 1562.92 1559.34 1555.38 1551.80 1548.38 1538.49 1529.92
1636.57 1635.92 1635.68 1635.23 1635.19 1635.30 1635.48 1635.81 1636.18 1636.69 1637.14 1637.54 1637.84 1637.97 1638.05 1638.01 1637.76 1637.16 1636.30 1635.23 1633.92 1632.04 1629.78 1627.83 1625.50 1623.01 1620.56 1617.60 1614.46 1611.48 1609.23 1606.97 1605.18 1603.87 1602.49 1601.19 1599.86 1598.54 1597.08 1595.62 1594.13 1592.44 1590.69 1588.87 1587.15 1585.69 1584.26 1583.11 1582.19 1580.59 1578.38 1576.47 1575.29 1574.08 1572.22 1569.74 1566.89 1564.30 1561.57 1557.87 1554.17 1550.78 1547.60 1536.03 1529.55
1635.45 1634.83 1634.25 1633.96 1633.77 1633.89 1634.23 1634.73 1635.26 1635.85 1636.52 1637.04 1637.52 1637.64 1637.73 1637.77 1637.40 1637.11 1636.31 1634.90 1633.50 1631.32 1629.21 1627.17 1624.74 1622.27 1619.65 1616.46 1613.17 1610.27 1607.57 1605.07 1602.88 1600.99 1599.56 1598.39 1597.32 1596.23 1595.10 1593.74 1592.23 1590.73 1588.97 1587.30 1586.25 1585.51 1584.07 1582.51 1580.74 1578.09 1575.32 1573.04 1570.75 1568.78 1567.11 1565.25 1562.83 1560.52 1558.18 1555.39 1551.91 1549.67 1546.43 1534.78 1527.38
1634.25 1633.70 1633.03 1632.74 1632.61 1632.67 1633.00 1633.54 1634.15 1634.94 1635.70 1636.34 1636.86 1637.15 1637.29 1637.31 1637.12 1636.52 1635.60 1634.70 1633.13 1630.73 1628.77 1626.56 1624.06 1621.67 1618.83 1615.57 1612.27 1609.40 1606.51 1603.78 1600.61 1598.16 1596.60 1595.80 1595.01 1594.15 1593.03 1591.82 1590.54 1589.53 1588.37 1587.48 1586.71 1585.95 1585.04 1583.59 1582.32 1580.54 1578.11 1575.73 1572.65 1569.02 1565.93 1563.26 1560.49 1556.61 1554.60 1551.96 1549.43 1546.75 1541.16 1532.72 1528.52
1633.10 1632.51 1631.83 1631.21 1630.81 1630.93 1631.38 1632.09 1632.95 1633.83 1634.79 1635.49 1636.05 1636.51 1636.84 1636.98 1636.82 1636.23 1635.36 1634.41 1632.76 1630.44 1628.57 1626.23 1623.79 1621.43 1618.54 1615.34 1612.29 1609.48 1606.73 1604.02 1601.37 1599.05 1596.94 1595.19 1593.70 1592.63 1591.70 1590.76 1590.21 1589.54 1588.68 1587.74 1586.97 1586.16 1585.56 1584.42 1583.18 1581.89 1580.48 1578.26 1575.95 1573.32 1570.23 1566.96 1563.42 1559.45 1556.24 1552.98 1550.16 1547.57 1542.86 1536.40 1531.14
1632.02 1631.08 1630.17 1629.75 1629.46 1629.45 1629.71 1630.42 1631.51 1632.68 1633.57 1634.54 1635.32 1635.85 1636.28 1636.56 1636.68 1636.13 1635.35 1634.26 1632.67 1630.48 1628.68 1626.44 1624.01 1621.67 1618.83 1616.00 1613.18 1610.40 1607.86 1605.38 1603.27 1600.90 1598.79 1596.87 1595.11 1593.53 1592.41 1591.45 1590.69 1590.13 1589.37 1588.47 1587.34 1586.41 1585.73 1585.05 1583.74 1582.70 1581.53 1579.84 1578.04 1576.43 1574.20 1570.88 1566.98 1563.46 1560.15 1557.10 1553.95 1550.86 1548.43 1544.86 1537.02
1630.59 1629.72 1629.07 1628.34 1627.77 1627.88 1628.29 1629.17 1630.05 1631.25 1632.44 1633.51 1634.53 1635.21 1635.83 1636.20 1636.34 1636.07 1635.42 1634.35 1632.86 1630.79 1628.96 1626.95 1624.56 1622.21 1619.61 1617.04 1614.24 1611.48 1609.08 1606.75 1604.68 1602.68 1600.40 1598.42 1596.59 1594.99 1593.65 1592.47 1591.55 1590.72 1590.04 1589.38 1588.19 1586.94 1586.01 1585.42 1584.53 1583.24 1582.24 1581.04 1579.33 1577.86 1576.24 1574.00 1570.45 1566.66 1563.53 1560.48 1557.30 1554.05 1550.86 1548.21 1543.61
1629.24 1628.54 1627.56 1626.37 1625.48 1625.29 1626.05 1627.40 1628.85 1629.86 1631.21 1632.51 1633.54 1634.58 1635.43 1635.90 1636.14 1636.01 1635.51 1634.59 1633.23 1631.46 1629.40 1627.57 1625.34 1622.89 1620.65 1618.25 1615.37 1612.59 1610.25 1608.10 1605.95 1603.98 1601.99 1599.85 1597.95 1596.21 1594.90 1593.60 1592.47 1591.60 1590.82 1590.03 1589.12 1587.77 1586.49 1585.77 1585.14 1583.93 1582.86 1581.74 1580.53 1578.84 1577.49 1575.73 1573.10 1569.73 1566.32 1563.07 1559.81 1556.43 1552.83 1549.89 1547.43
1628.15 1627.06 1625.69 1624.03 1622.62 1622.01 1623.28 1625.24 1627.16 1628.81 1629.99 1631.49 1632.85 1634.00 1635.10 1635.65 1635.95 1635.93 1635.57 1634.79 1633.57 1632.04 1629.89 1628.16 1626.07 1623.68 1621.61 1619.06 1616.52 1613.93 1611.20 1609.19 1606.96 1605.03 1603.10 1601.18 1599.02 1597.29 1595.76 1594.54 1593.38 1592.41 1591.52 1590.68 1589.82 1588.60 1587.11 1586.14 1585.50 1584.67 1583.33 1582.32 1581.13 1579.62 1578.11 1576.69 1574.76 1572.09 1568.66 1565.24 1561.82 1558.14 1554.51 1551.02 1548.38
1626.53 1625.20 1623.55 1621.41 1619.37 1618.19 1620.26 1623.05 1625.65 1627.62 1629.22 1630.53 1632.19 1633.56 1634.68 1635.44 1635.83 1635.88 1635.58 1634.95 1633.96 1632.42 1630.53 1628.63 1626.75 1624.53 1622.28 1620.00 1617.46 1614.98 1612.10 1609.93 1607.81 1605.75 1603.77 1602.03 1600.02 1598.11 1596.45 1595.12 1594.01 1592.99 1591.94 1591.09 1590.24 1588.97 1587.53 1586.45 1585.74 1585.12 1583.86 1582.73 1581.61 1580.28 1578.64 1577.12 1575.45 1573.37 1570.05 1566.31 1562.85 1558.96 1555.20 1551.54 1548.92
1624.74 1623.12 1621.13 1618.56 1615.73 1614.44 1617.20 1621.09 1624.20 1626.59 1628.43 1629.89 1631.56 1633.12 1634.35 1635.17 1635.62 1635.75 1635.54 1635.05 1634.18 1632.68 1630.92 1628.86 1627.16 1624.95 1622.77 1620.60 1618.07 1615.84 1613.08 1610.40 1608.35 1606.09 1604.00 1602.40 1600.62 1598.56 1596.77 1595.32 1594.16 1593.05 1591.95 1591.06 1590.10 1588.72 1587.49 1586.47 1585.77 1585.19 1584.23 1582.90 1581.84 1580.58 1578.84 1577.18 1575.53 1573.63 1570.30 1566.36 1562.94 1558.92 1554.84 1551.29 1548.54
1622.23 1620.47 1618.21 1615.47 1612.89 1611.80 1615.30 1619.55 1623.07 1625.73 1627.86 1629.45 1631.07 1632.71 1633.98 1634.85 1635.33 1635.53 1635.40 1634.97 1634.11 1632.72 1630.98 1628.96 1627.37 1625.22 1623.02 1620.85 1618.44 1616.10 1613.34 1610.44 1608.50 1606.13 1603.92 1602.36 1600.57 1598.41 1596.54 1595.02 1593.76 1592.52 1591.39 1590.44 1589.18 1587.94 1586.84 1586.08 1585.53 1585.04 1584.10 1582.88 1581.79 1580.57 1578.78 1576.90 1575.17 1572.75 1569.13 1565.24 1561.76 1557.69 1553.83 1550.38 1546.82
1619.60 1617.49 1615.01 1612.55 1609.92 1610.32 1614.30 1618.58 1622.14 1625.04 1627.31 1629.05 1630.52 1632.36 1633.60 1634.46 1635.03 1635.21 1635.16 1634.66 1633.81 1632.47 1630.81 1628.86 1627.30 1625.16 1622.90 1620.65 1618.23 1615.85 1613.06 1610.22 1608.27 1605.79 1603.55 1601.92 1599.90 1597.71 1595.80 1594.27 1592.77 1591.39 1590.08 1588.83 1587.55 1586.51 1585.70 1585.25 1584.94 1584.41 1583.54 1582.44 1581.49 1580.06 1578.19 1576.19 1573.96 1570.39 1566.52 1563.02 1559.48 1555.69 1552.00 1548.73 1544.71
1616.27 1614.25 1612.08 1609.67 1607.67 1609.86 1613.83 1617.74 1621.61 1624.58 1626.88 1628.66 1630.02 1631.97 1633.31 1634.03 1634.67 1634.92 1634.69 1634.18 1633.33 1631.93 1630.22 1628.55 1626.88 1624.70 1622.42 1620.22 1617.68 1615.08 1612.39 1609.73 1607.61 1605.01 1602.92 1600.97 1598.64 1596.49 1594.61 1592.87 1591.17 1589.49 1587.96 1586.66 1585.58 1584.86 1584.17 1583.80 1583.63 1583.30 1582.65 1581.83 1580.71 1579.08 1577.18 1574.81 1571.47 1567.48 1564.03 1560.55 1556.93 1553.40 1550.25 1546.62 1542.30
1613.09 1611.25 1609.19 1606.74 1606.13 1609.59 1613.40 1617.27 1621.28 1624.24 1626.47 1628.24 1629.61 1631.58 1632.89 1633.66 1634.08 1634.29 1634.09 1633.63 1632.54 1631.27 1629.34 1627.95 1626.14 1623.96 1621.68 1619.20 1616.66 1614.07 1611.16 1608.83 1606.44 1603.85 1601.74 1599.39 1596.99 1594.93 1593.01 1590.98 1588.98 1587.16 1585.63 1584.45 1583.35 1582.18 1581.17 1581.15 1581.45 1581.85 1581.47 1580.84 1579.62 1577.68 1575.81 1572.53 1568.40 1564.79 1561.34 1557.64 1554.21 1550.95 1547.47 1543.47 1543.12
1609.64 1608.16 1606.19 1603.80 1605.64 1609.27 1613.06 1616.96 1621.02 1623.81 1626.14 1627.91 1629.17 1631.00 1632.24 1633.07 1633.58 1633.67 1633.45 1632.71 1631.68 1630.32 1628.52 1627.17 1625.17 1622.84 1620.59 1618.01 1615.26 1612.53 1609.77 1607.45 1604.84 1602.43 1599.92 1597.38 1595.07 1593.09 1590.83 1588.62 1586.47 1584.59 1582.96 1581.39 1579.82 1578.25 1576.85 1576.33 1576.49 1577.41 1578.14 1578.24 1577.52 1575.83 1573.77 1569.62 1565.66 1562.17 1558.67 1554.92 1551.40 1547.75 1543.84 1544.27 1546.84
1606.40 1604.91 1602.80 1601.40 1604.77 1608.68 1612.30 1616.11 1620.48 1623.42 1625.74 1627.48 1628.64 1630.27 1631.60 1632.16 1632.77 1632.98 1632.60 1631.82 1630.74 1629.01 1627.76 1626.07 1623.94 1621.52 1619.09 1616.36 1613.55 1610.74 1608.30 1605.62 1603.12 1600.54 1597.68 1595.16 1592.84 1590.36 1587.94 1585.72 1583.49 1581.29 1579.31 1577.33 1575.43 1573.81 1572.36 1571.16 1570.32 1570.01 1570.55 1571.82 1573.10 1572.86 1569.96 1566.15 1562.98 1559.63 1555.87 1552.39 1548.71 1544.69 1544.86 1547.60 1550.12
1602.74 1601.41 1599.29 1599.83 1603.69 1607.70 1611.24 1614.96 1619.32 1622.81 1625.14 1626.95 1628.10 1629.17 1630.65 1631.37 1631.65 1631.82 1631.51 1630.84 1629.35 1628.01 1626.69 1624.80 1622.46 1620.04 1617.39 1614.44 1611.58 1608.97 1606.50 1603.55 1601.16 1598.22 1595.41 1592.68 1589.93 1587.21 1584.87 1582.21 1579.79 1577.18 1574.62 1572.17 1569.99 1568.03 1566.38 1565.48 1564.66 1564.41 1564.74 1565.69 1566.87 1567.58 1565.98 1563.35 1560.30 1556.80 1553.37 1549.98 1546.01 1545.41 1548.49 1551.04 1553.70
1599.30 1597.69 1596.58 1598.62 1602.11 1606.24 1609.78 1613.43 1618.05 1621.79 1624.44 1626.21 1627.34 1628.13 1629.05 1630.19 1630.62 1630.64 1630.25 1629.15 1628.08 1627.04 1625.43 1623.31 1620.88 1618.25 1615.38 1612.46 1609.54 1606.96 1604.13 1601.53 1598.66 1595.76 1592.87 1589.86 1586.86 1583.96 1581.17 1578.24 1575.12 1571.48 1568.19 1565.69 1563.99 1561.94 1560.91 1560.40 1559.57 1559.36 1559.55 1560.52 1561.91 1563.03 1562.35 1560.27 1557.06 1554.10 1551.29 1547.92 1545.76 1548.53 1551.89 1554.86 1557.52
1600.60 1597.47 1595.01 1596.74 1600.12 1604.02 1607.83 1611.44 1615.72 1620.46 1623.16 1625.10 1626.23 1627.18 1627.81 1628.30 1628.74 1628.70 1628.28 1627.81 1627.14 1625.75 1623.80 1621.47 1619.16 1616.36 1613.25 1610.30 1607.47 1604.62 1602.01 1599.10 1596.19 1593.24 1590.07 1587.08 1583.76 1580.49 1577.20 1573.77 1569.34 1565.26 1561.81 1558.88 1557.31 1555.74 1555.05 1554.30 1554.18 1553.88 1553.93 1554.37 1555.92 1557.59 1557.60 1556.04 1553.83 1551.56 1549.17 1546.62 1547.75 1551.77 1555.39 1558.53 1561.37
1602.62 1599.16 1595.63 1594.60 1597.95 1601.58 1605.55 1609.18 1612.92 1617.64 1621.42 1623.41 1624.78 1625.85 1626.65 1627.09 1627.32 1627.29 1627.15 1626.69 1625.74 1624.26 1622.17 1619.77 1617.18 1614.03 1611.00 1608.16 1605.34 1602.48 1599.77 1596.66 1593.75 1590.54 1587.25 1584.14 1580.55 1576.82 1572.95 1568.62 1564.35 1559.86 1556.16 1555.48 1555.06 1554.73 1554.28 1554.31 1553.77 1553.04 1552.30 1551.60 1551.43 1551.78 1552.19 1551.92 1550.80 1549.09 1547.40 1546.96 1550.49 1554.76 1558.76 1562.15 1565.07
1604.29 1600.34 1596.63 1593.67 1595.32 1599.05 1603.11 1606.78 1610.17 1614.17 1618.54 1621.11 1622.89 1624.38 1625.11 1625.71 1625.93 1625.92 1625.79 1625.32 1624.40 1622.78 1620.63 1618.11 1615.10 1611.84 1608.90 1605.92 1603.06 1600.11 1597.16 1594.13 1591.05 1587.95 1584.79 1581.29 1577.25 1573.08 1568.82 1564.34 1559.81 1556.56 1557.03 1558.02 1558.51 1558.84 1559.24 1559.57 1559.09 1557.60 1555.77 1553.42 1551.82 1550.77 1550.23 1549.71 1549.01 1548.19 1547.48 1549.25 1553.35 1557.64 1561.88 1565.44 1568.88
1605.34 1601.46 1597.49 1593.77 1593.29 1596.72 1600.12 1603.74 1607.16 1610.27 1613.89 1617.60 1620.48 1622.25 1623.35 1624.06 1624.30 1624.38 1624.23 1623.85 1622.87 1621.13 1618.95 1616.37 1612.91 1609.79 1606.80 1603.75 1600.86 1597.68 1594.66 1591.69 1588.65 1585.39 1581.97 1577.83 1573.83 1569.35 1565.06 1560.53 1557.25 1558.81 1560.99 1562.10 1563.01 1563.57 1564.01 1563.90 1562.96 1561.40 1559.41 1556.92 1554.46 1552.78 1551.54 1550.72 1550.08 1550.84 1551.38 1551.85 1555.42 1560.07 1564.41 1568.62 1572.19
1606.19 1602.43 1598.41 1594.45 1591.70 1594.16 1597.35 1600.61 1603.99 1607.18 1610.10 1613.29 1617.24 1619.79 1621.09 1621.95 1622.40 1622.50 1622.49 1622.12 1621.16 1619.57 1617.41 1614.35 1610.98 1607.90 1604.73 1601.71 1598.60 1595.31 1592.29 1589.32 1586.24 1582.88 1579.01 1574.40 1570.35 1565.96 1561.75 1558.34 1559.68 1562.95 1565.11 1566.51 1567.49 1568.17 1568.39 1567.83 1566.61 1565.02 1562.95 1560.94 1558.76 1556.69 1555.27 1554.91 1554.93 1555.66 1556.24 1555.60 1557.36 1562.14 1566.90 1571.39 1575.44
1606.94 1603.32 1599.34 1595.48 1591.67 1591.24 1594.55 1597.52 1600.72 1603.96 1606.80 1609.53 1612.74 1615.94 1617.59 1618.94 1619.56 1619.86 1620.21 1620.12 1619.47 1617.85 1615.41 1612.15 1609.05 1605.94 1602.72 1599.64 1596.32 1592.98 1589.74 1586.71 1583.56 1579.82 1575.51 1570.93 1566.58 1562.19 1559.20 1560.07 1563.85 1567.13 1569.72 1571.50 1572.60 1573.03 1573.12 1572.27 1570.67 1568.72 1566.73 1564.91 1563.11 1561.86 1560.76 1560.39 1560.51 1561.11 1561.24 1560.03 1559.99 1564.46 1569.36 1573.75 1578.42
1607.48 1604.12 1600.25 1596.46 1592.70 1589.93 1591.43 1594.62 1597.46 1600.67 1603.62 1606.30 1608.77 1611.03 1612.74 1614.11 1615.42 1616.72 1617.73 1617.93 1617.33 1615.76 1613.07 1610.05 1607.12 1604.01 1600.83 1597.52 1593.97 1590.43 1587.08 1583.77 1580.04 1575.75 1571.45 1566.89 1562.42 1559.95 1560.31 1563.88 1568.03 1572.22 1574.60 1575.77 1576.61 1576.91 1576.75 1576.15 1574.88 1573.21 1571.26 1569.45 1567.77 1566.53 1565.76 1565.51 1565.86 1566.43 1566.34 1564.56 1562.66 1566.84 1571.72 1576.41 1580.51
1608.06 1604.64 1601.02 1597.36 1593.74 1590.28 1589.02 1591.55 1594.61 1597.32 1600.24 1602.90 1605.29 1607.38 1608.91 1610.33 1611.52 1612.68 1613.90 1614.70 1614.38 1612.73 1610.39 1607.77 1604.99 1601.87 1598.73 1595.10 1591.51 1587.90 1584.27 1580.43 1576.25 1571.93 1567.33 1562.57 1560.88 1561.39 1564.16 1568.34 1573.18 1576.49 1578.42 1579.49 1580.16 1580.46 1580.32 1579.95 1578.85 1577.51 1576.04 1574.39 1573.01 1572.15 1571.69 1571.59 1572.16 1572.45 1571.55 1568.94 1565.64 1569.31 1573.85 1578.52 1581.90
1608.49 1605.21 1601.75 1598.12 1594.64 1591.20 1588.18 1588.69 1591.46 1594.31 1596.99 1599.54 1601.75 1603.77 1605.35 1606.56 1607.78 1608.87 1609.86 1610.58 1610.55 1609.63 1607.87 1605.60 1602.64 1599.63 1596.27 1592.83 1589.16 1585.62 1581.58 1577.11 1572.76 1567.95 1563.13 1561.66 1562.91 1565.33 1569.22 1574.15 1577.74 1579.89 1581.01 1581.82 1582.55 1582.96 1582.95 1582.80 1582.27 1581.56 1580.62 1579.42 1578.37 1577.58 1577.23 1577.23 1577.71 1577.19 1575.39 1572.86 1569.13 1571.54 1576.05 1580.27 1583.28
