last_chance_experiments/smoothing_DEMS/smooth_lc3_dem.txt
ncols	170																																																																																																																																																																								
nrows	202																																																																																																																																																																								
xllcorner	526725.369																																																																																																																																																																								
yllcorner	3566768.517																																																																																																																																																																								
cellsize	10																																																																																																																																																																								
NODATA_value	-9999																																																																																																																																																																								
[rows 145 to 173 of 202, columns 0 to 64 of 170]
-9999.00 -9999.00 -9999.00 -9999.00 -9999.00 -9999.00 -9999.00 -9999.00 -9999.00 -9999.00 -9999.00 -9999.00 -9999.00 -9999.00 -9999.00 -9999.00 -9999.00 -9999.00 -9999.00 -9999.00 1674.29 1674.15 1673.92 1673.43 1672.84 1672.34 1671.60 1670.77 1669.75 1668.39 1666.55 1663.88 1661.67 1659.28 1657.02 1654.38 1651.29 1648.06 1644.26 1640.36 1636.47 1632.54 1628.17 1623.58 1618.39 1613.89 1614.82 1618.33 1621.70 1625.13 1628.77 1630.38 1633.44 1635.49 1637.34 1638.85 1640.17 1640.89 1641.10 1641.27 1641.22 1640.87 1640.24 1639.55 1638.81
-9999.00 -9999.00 -9999.00 -9999.00 -9999.00 -9999.00 -9999.00 -9999.00 -9999.00 -9999.00 -9999.00 -9999.00 -9999.00 -9999.00 -9999.00 -9999.00 -9999.00 -9999.00 -9999.00 1674.37 1674.21 1673.88 1673.52 1673.03 1672.44 1671.65 1670.82 1669.82 1668.46 1666.85 1664.53 1661.85 1659.83 1657.53 1655.04 1651.89 1648.77 1645.12 1641.21 1637.39 1633.60 1629.63 1625.20 1620.09 1615.40 1615.59 1619.04 1622.58 1626.31 1629.48 1632.57 1634.31 1637.11 1639.08 1640.90 1642.34 1643.07 1643.68 1644.09 1644.15 1643.98 1643.68 1643.20 1642.45 1641.54
-9999.00 -9999.00 -9999.00 -9999.00 -9999.00 -9999.00 -9999.00 -9999.00 -9999.00 -9999.00 -9999.00 -9999.00 -9999.00 -9999.00 -9999.00 -9999.00 -9999.00 -9999.00 1674.34 1674.22 1674.00 1673.68 1673.22 1672.52 1671.76 1670.91 1669.89 1668.55 1666.74 1664.62 1662.34 1659.95 1657.87 1655.30 1652.32 1649.06 1645.64 1641.83 1638.07 1634.38 1630.44 1626.39 1621.94 1617.10 1616.99 1619.97 1623.21 1627.18 1630.51 1633.19 1636.18 1638.35 1640.76 1642.71 1644.27 1645.43 1646.10 1646.41 1646.63 1646.63 1646.42 1646.13 1645.66 1644.96 1644.17
-9999.00 -9999.00 -9999.00 -9999.00 -9999.00 -9999.00 -9999.00 -9999.00 -9999.00 -9999.00 -9999.00 -9999.00 -9999.00 -9999.00 -9999.00 -9999.00 -9999.00 1674.69 1674.35 1674.06 1673.69 1673.21 1672.62 1671.92 1671.05 1670.01 1668.64 1666.64 1664.56 1662.54 1660.39 1657.91 1655.54 1652.69 1649.42 1646.03 1642.52 1638.68 1635.17 1631.18 1626.86 1622.58 1618.65 1617.76 1620.62 1623.84 1627.59 1631.16 1634.18 1637.12 1639.64 1642.07 1644.32 1645.99 1647.41 1648.24 1649.04 1649.17 1649.37 1649.32 1649.07 1648.74 1648.33 1647.73 1646.97
-9999.00 -9999.00 -9999.00 -9999.00 -9999.00 -9999.00 -9999.00 -9999.00 -9999.00 -9999.00 -9999.00 -9999.00 -9999.00 -9999.00 -9999.00 -9999.00 1674.75 1674.59 1674.22 1673.93 1673.46 1673.08 1672.20 1671.30 1670.18 1668.66 1666.67 1664.62 1662.57 1660.42 1658.11 1655.47 1652.80 1649.71 1646.15 1642.95 1639.34 1635.75 1632.00 1627.33 1622.31 1619.78 1619.97 1622.26 1624.98 1628.26 1631.87 1634.81 1637.90 1640.71 1643.10 1645.56 1647.39 1648.98 1650.20 1650.90 1651.29 1651.43 1651.44 1651.38 1651.15 1650.76 1650.31 1649.76 1649.22
-9999.00 -9999.00 -9999.00 -9999.00 -9999.00 -9999.00 -9999.00 -9999.00 -9999.00 -9999.00 -9999.00 -9999.00 -9999.00 -9999.00 -9999.00 -9999.00 1674.78 1674.47 1674.12 1673.67 1673.20 1672.58 1671.69 1670.48 1668.80 1666.86 1664.78 1662.70 1660.63 1658.36 1655.66 1652.74 1649.77 1646.50 1643.10 1639.80 1636.17 1632.46 1628.17 1623.31 1622.25 1623.66 1625.46 1627.41 1629.21 1632.14 1635.33 1638.36 1641.47 1644.08 1646.20 1648.65 1650.42 1651.76 1652.53 1652.99 1653.34 1653.55 1653.64 1653.50 1653.24 1652.81 1652.30 1651.74 1651.15
-9999.00 -9999.00 -9999.00 -9999.00 -9999.00 -9999.00 -9999.00 -9999.00 -9999.00 -9999.00 -9999.00 -9999.00 -9999.00 -9999.00 -9999.00 1674.99 1674.81 1674.52 1674.03 1673.47 1672.77 1671.98 1670.87 1669.19 1667.11 1664.94 1662.94 1660.84 1658.58 1655.94 1652.77 1649.62 1646.53 1643.24 1639.88 1636.51 1632.88 1629.04 1624.83 1624.48 1627.21 1628.90 1630.30 1631.98 1633.49 1635.51 1638.81 1642.13 1645.06 1647.48 1649.29 1651.60 1652.86 1653.78 1654.54 1655.10 1655.53 1655.94 1656.14 1656.04 1655.70 1655.27 1654.71 1654.07 1653.44
-9999.00 -9999.00 -9999.00 -9999.00 -9999.00 -9999.00 -9999.00 -9999.00 -9999.00 -9999.00 -9999.00 -9999.00 -9999.00 -9999.00 -9999.00 1675.04 1674.88 1674.53 1674.02 1673.24 1672.27 1671.09 1669.34 1667.38 1665.35 1663.36 1661.29 1658.77 1656.10 1652.99 1648.22 1646.64 1643.08 1639.88 1636.56 1633.02 1629.29 1626.34 1627.44 1629.63 1631.93 1633.58 1634.96 1636.45 1637.94 1639.72 1642.27 1645.32 1648.10 1650.59 1652.16 1653.75 1654.96 1655.86 1656.77 1657.54 1658.08 1658.36 1658.41 1658.27 1658.09 1657.71 1657.22 1656.64 1655.96
-9999.00 -9999.00 -9999.00 -9999.00 -9999.00 -9999.00 -9999.00 -9999.00 -9999.00 -9999.00 -9999.00 -9999.00 -9999.00 -9999.00 1675.24 1675.10 1674.87 1674.50 1673.84 1672.88 1671.63 1669.92 1667.76 1665.70 1663.85 1661.90 1659.38 1656.55 1653.55 1649.94 1644.88 1643.02 1639.55 1636.38 1632.99 1629.75 1628.15 1629.95 1632.15 1634.10 1636.27 1637.88 1639.43 1641.28 1642.95 1644.17 1645.63 1648.47 1651.01 1653.31 1654.24 1655.77 1657.03 1658.23 1659.24 1659.92 1660.28 1660.48 1660.45 1660.19 1659.89 1659.55 1659.14 1658.59 1657.97
-9999.00 -9999.00 -9999.00 -9999.00 -9999.00 -9999.00 -9999.00 -9999.00 -9999.00 -9999.00 -9999.00 -9999.00 -9999.00 1675.49 1675.37 1675.22 1674.85 1674.39 1673.52 1672.34 1670.53 1668.63 1666.31 1664.32 1662.26 1659.87 1657.36 1654.16 1650.18 1646.62 1641.80 1639.62 1635.75 1632.27 1630.72 1631.09 1632.72 1634.55 1636.50 1638.68 1640.80 1642.30 1644.02 1645.64 1647.13 1648.22 1649.30 1651.24 1653.44 1655.22 1656.16 1657.94 1659.37 1660.44 1661.16 1661.66 1661.77 1661.90 1661.81 1661.56 1661.25 1660.90 1660.47 1659.90 1659.40
-9999.00 -9999.00 -9999.00 -9999.00 -9999.00 -9999.00 -9999.00 -9999.00 -9999.00 -9999.00 -9999.00 -9999.00 1675.74 1675.63 1675.44 1675.11 1674.74 1674.13 1673.09 1671.57 1669.46 1667.25 1665.10 1663.03 1660.69 1657.93 1654.69 1650.98 1646.78 1643.18 1639.14 1636.55 1633.45 1633.74 1634.46 1635.78 1637.04 1638.67 1640.50 1642.91 1645.02 1646.71 1648.32 1649.66 1650.91 1651.84 1652.79 1653.92 1655.41 1657.02 1658.20 1660.20 1661.46 1662.31 1662.73 1663.00 1663.15 1663.26 1663.22 1663.02 1662.71 1662.26 1661.73 1661.11 1660.54
-9999.00 -9999.00 -9999.00 -9999.00 -9999.00 -9999.00 -9999.00 -9999.00 -9999.00 -9999.00 -9999.00 -9999.00 1675.99 1675.79 1675.58 1675.17 1674.64 1673.77 1672.50 1670.45 1668.20 1666.02 1663.93 1661.65 1658.94 1655.95 1652.03 1647.46 1643.59 1639.92 1636.59 1635.38 1636.59 1637.94 1638.90 1639.77 1641.17 1643.14 1645.30 1647.48 1648.96 1650.49 1651.88 1653.20 1654.29 1655.08 1655.62 1656.13 1657.21 1659.03 1660.21 1662.26 1663.13 1663.61 1664.07 1664.40 1664.51 1664.51 1664.37 1664.15 1663.84 1663.34 1662.56 1661.90 1661.33
-9999.00 -9999.00 -9999.00 -9999.00 -9999.00 -9999.00 -9999.00 -9999.00 -9999.00 -9999.00 -9999.00 -9999.00 1676.18 1675.99 1675.64 1675.19 1674.45 1673.34 1671.59 1669.32 1667.01 1664.90 1662.56 1659.65 1656.92 1653.47 1648.68 1644.33 1640.41 1638.03 1638.58 1639.44 1640.64 1642.17 1643.50 1644.44 1645.81 1647.60 1649.53 1651.01 1652.44 1653.97 1655.22 1656.13 1656.90 1657.55 1658.06 1658.48 1659.29 1661.21 1662.03 1663.88 1664.41 1665.07 1665.53 1665.71 1665.64 1665.42 1665.12 1664.76 1664.32 1663.76 1662.99 1662.25 -9999.00
-9999.00 -9999.00 -9999.00 -9999.00 -9999.00 -9999.00 -9999.00 -9999.00 -9999.00 -9999.00 -9999.00 -9999.00 1676.34 1676.09 1675.61 1675.07 1674.17 1672.63 1670.62 1668.24 1665.94 1663.76 1660.86 1657.48 1653.88 1650.03 1645.75 1641.75 1640.52 1641.32 1642.96 1644.03 1645.35 1646.87 1648.23 1649.00 1650.06 1651.56 1653.28 1654.52 1655.90 1656.99 1657.84 1658.64 1659.40 1660.15 1660.81 1661.35 1661.85 1663.22 1664.09 1665.13 1665.84 1666.41 1666.58 1666.53 1666.30 1666.02 1665.62 1665.13 -9999.00 -9999.00 -9999.00 -9999.00 -9999.00
-9999.00 -9999.00 -9999.00 -9999.00 -9999.00 -9999.00 -9999.00 -9999.00 -9999.00 -9999.00 -9999.00 1676.81 1676.62 1676.26 1675.70 1674.91 1673.72 1671.81 1669.60 1667.18 1665.00 1662.51 1659.16 1655.02 1651.00 1647.33 1643.44 1642.43 1644.14 1645.88 1647.18 1649.03 1650.28 1651.44 1652.43 1653.16 1654.23 1655.54 1656.53 1657.63 1658.53 1659.42 1660.40 1661.32 1662.17 1662.89 1663.54 1664.02 1664.39 1665.08 1665.49 1666.38 1667.13 1667.32 1667.30 1667.08 1666.78 1666.36 -9999.00 -9999.00 -9999.00 -9999.00 -9999.00 -9999.00 -9999.00
-9999.00 -9999.00 -9999.00 -9999.00 -9999.00 -9999.00 -9999.00 -9999.00 -9999.00 -9999.00 -9999.00 1677.11 1676.88 1676.50 1675.80 1674.81 1673.26 1670.98 1668.52 1666.27 1663.93 1661.18 1657.48 1652.87 1648.72 1644.78 1644.63 1646.63 1648.76 1650.70 1652.17 1653.67 1654.77 1655.54 1656.21 1656.67 1657.47 1658.35 1659.29 1660.13 1660.97 1661.91 1663.02 1663.87 1664.65 1665.37 1665.81 1666.09 1666.21 1666.45 1666.93 1667.69 1668.06 1668.08 1667.95 1667.64 -9999.00 -9999.00 -9999.00 -9999.00 -9999.00 -9999.00 -9999.00 -9999.00 -9999.00
-9999.00 -9999.00 -9999.00 -9999.00 -9999.00 -9999.00 -9999.00 -9999.00 -9999.00 -9999.00 -9999.00 1677.42 1677.03 1676.63 1675.76 1674.60 1672.75 1670.16 1667.72 1665.52 1662.84 1659.66 1655.41 1650.96 1646.28 1646.56 1648.70 1651.26 1653.08 1654.83 1656.52 1657.53 1658.06 1658.85 1659.33 1659.78 1660.30 1660.93 1661.70 1662.59 1663.41 1664.36 1665.27 1666.13 1666.83 1667.05 1667.31 1667.54 1667.63 1667.88 1668.19 1668.65 1668.76 1668.65 1668.37 -9999.00 -9999.00 -9999.00 -9999.00 -9999.00 -9999.00 -9999.00 -9999.00 -9999.00 -9999.00
-9999.00 -9999.00 -9999.00 -9999.00 -9999.00 -9999.00 -9999.00 -9999.00 -9999.00 -9999.00 -9999.00 1677.51 1677.18 1676.60 1675.57 1674.26 1672.00 1669.42 1667.04 1664.59 1661.72 1657.71 1653.19 1649.11 1647.88 1650.64 1653.34 1655.50 1657.22 1658.45 1659.49 1660.56 1661.14 1661.60 1662.03 1662.40 1662.84 1663.30 1664.04 1664.98 1665.79 1666.55 1667.24 1667.75 1668.02 1668.50 1668.83 1669.05 1669.11 1669.06 1669.29 1669.35 1669.30 -9999.00 -9999.00 -9999.00 -9999.00 -9999.00 -9999.00 -9999.00 -9999.00 -9999.00 -9999.00 -9999.00 -9999.00
-9999.00 -9999.00 -9999.00 -9999.00 -9999.00 -9999.00 -9999.00 -9999.00 -9999.00 -9999.00 1677.92 1677.68 1677.27 1676.55 1675.41 1673.89 1671.47 1668.79 1666.38 1663.68 1660.20 1655.55 1650.50 1649.48 1652.24 1654.65 1657.00 1658.62 1660.12 1661.23 1662.25 1663.14 1663.61 1664.18 1664.57 1664.93 1665.35 1665.87 1666.58 1667.27 1667.79 1668.37 1668.82 1669.05 1669.43 1669.90 1669.94 1670.01 1669.97 1669.87 1669.87 1669.78 1669.69 -9999.00 -9999.00 -9999.00 -9999.00 -9999.00 -9999.00 -9999.00 -9999.00 -9999.00 -9999.00 -9999.00 -9999.00
-9999.00 -9999.00 -9999.00 -9999.00 -9999.00 -9999.00 -9999.00 -9999.00 -9999.00 -9999.00 1678.20 1677.92 1677.39 1676.50 1675.38 1673.64 1670.92 1668.40 1665.92 1662.78 1659.08 1653.79 1651.27 1653.90 1656.57 1658.61 1659.99 1661.48 1662.79 1663.69 1664.52 1665.39 1666.09 1666.69 1667.12 1667.61 1667.92 1668.32 1668.71 1669.16 1669.55 1669.72 1670.02 1670.53 1670.72 1670.86 1670.78 1670.74 1670.78 1670.66 1670.59 1670.29 -9999.00 -9999.00 -9999.00 -9999.00 -9999.00 -9999.00 -9999.00 -9999.00 -9999.00 -9999.00 -9999.00 -9999.00 -9999.00
-9999.00 -9999.00 -9999.00 -9999.00 -9999.00 -9999.00 -9999.00 -9999.00 -9999.00 -9999.00 1678.38 1678.08 1677.48 1676.52 1675.39 1673.26 1670.67 1668.08 1665.44 1662.31 1658.72 1654.10 1655.85 1658.56 1660.09 1661.48 1662.90 1664.13 1664.96 1665.81 1666.72 1667.61 1668.53 1669.12 1669.47 1669.81 1669.97 1670.21 1670.35 1670.54 1670.69 1670.95 1671.31 1671.61 1671.59 1671.61 1671.49 1671.45 1671.32 1671.15 1670.85 -9999.00 -9999.00 -9999.00 -9999.00 -9999.00 -9999.00 -9999.00 -9999.00 -9999.00 -9999.00 -9999.00 -9999.00 -9999.00 -9999.00
-9999.00 -9999.00 -9999.00 -9999.00 -9999.00 -9999.00 -9999.00 -9999.00 -9999.00 -9999.00 1678.58 1678.29 1677.67 1676.63 1675.26 1673.12 1670.42 1667.87 1665.15 1662.13 1658.55 1656.58 1659.32 1661.18 1662.67 1664.14 1665.28 1666.22 1667.18 1668.23 1669.29 1670.07 1670.57 1671.05 1671.37 1671.45 1671.49 1671.58 1671.80 1672.02 1672.20 1672.18 1672.23 1672.24 1672.32 1672.13 1672.10 1671.91 1671.61 1671.33 -9999.00 -9999.00 -9999.00 -9999.00 -9999.00 -9999.00 -9999.00 -9999.00 -9999.00 -9999.00 -9999.00 -9999.00 -9999.00 -9999.00 -9999.00
-9999.00 -9999.00 -9999.00 -9999.00 -9999.00 -9999.00 -9999.00 -9999.00 -9999.00 1679.06 1678.82 1678.52 1677.90 1676.71 1675.26 1673.09 1670.43 1667.82 1665.15 1662.14 1658.78 1659.48 1661.78 1663.49 1665.04 1666.23 1667.26 1668.41 1669.60 1670.64 1671.40 1671.94 1672.34 1672.62 1672.77 1672.87 1672.99 1673.11 1673.12 1673.29 1673.19 1673.05 1672.93 1672.91 1672.81 1672.81 1672.61 1672.26 1671.94 -9999.00 -9999.00 -9999.00 -9999.00 -9999.00 -9999.00 -9999.00 -9999.00 -9999.00 -9999.00 -9999.00 -9999.00 -9999.00 -9999.00 -9999.00 -9999.00
-9999.00 -9999.00 -9999.00 -9999.00 -9999.00 -9999.00 -9999.00 -9999.00 -9999.00 1679.38 1679.19 1678.79 1678.04 1676.90 1675.33 1672.85 1670.31 1667.82 1665.18 1662.13 1660.62 1662.39 1664.14 1665.89 1667.11 1668.34 1669.63 1670.87 1671.84 1672.53 1673.10 1673.34 1673.55 1674.01 1674.12 1674.16 1674.33 1674.17 1674.21 1674.13 1674.01 1673.72 1673.56 1673.43 1673.33 1673.17 1672.95 1672.60 -9999.00 -9999.00 -9999.00 -9999.00 -9999.00 -9999.00 -9999.00 -9999.00 -9999.00 -9999.00 -9999.00 -9999.00 -9999.00 -9999.00 -9999.00 -9999.00 -9999.00
-9999.00 -9999.00 -9999.00 -9999.00 -9999.00 -9999.00 -9999.00 -9999.00 -9999.00 1679.80 1679.60 1679.12 1678.22 1677.01 1675.40 1673.05 1670.33 1667.95 1665.33 1662.73 1663.22 1664.87 1666.58 1667.94 1669.32 1670.74 1672.00 1672.92 1673.62 1674.13 1674.32 1674.62 1674.97 1675.17 1675.39 1675.27 1675.12 1674.96 1674.87 1674.82 1674.65 1674.34 1674.15 1673.91 1673.70 1673.47 1673.18 -9999.00 -9999.00 -9999.00 -9999.00 -9999.00 -9999.00 -9999.00 -9999.00 -9999.00 -9999.00 -9999.00 -9999.00 -9999.00 -9999.00 -9999.00 -9999.00 -9999.00 -9999.00
-9999.00 -9999.00 -9999.00 -9999.00 -9999.00 -9999.00 -9999.00 -9999.00 -9999.00 1680.18 1679.94 1679.40 1678.53 1677.30 1675.52 1673.08 1670.50 1668.24 1665.35 1664.47 1665.44 1667.15 1668.57 1670.14 1671.66 1672.87 1673.81 1674.55 1674.97 1675.37 1675.64 1675.84 1676.03 1676.17 1676.02 1675.88 1675.76 1675.67 1675.52 1675.30 1675.15 1674.87 1674.53 1674.24 1674.04 1673.75 -9999.00 -9999.00 -9999.00 -9999.00 -9999.00 -9999.00 -9999.00 -9999.00 -9999.00 -9999.00 -9999.00 -9999.00 -9999.00 -9999.00 -9999.00 -9999.00 -9999.00 -9999.00 -9999.00
-9999.00 -9999.00 -9999.00 -9999.00 -9999.00 -9999.00 -9999.00 -9999.00 -9999.00 1680.53 1680.23 1679.78 1678.82 1677.51 1675.74 1673.34 1670.75 1668.52 1666.36 1666.06 1667.72 1668.99 1670.53 1672.27 1673.60 1674.62 1675.33 1675.73 1676.27 1676.56 1676.71 1676.73 1676.87 1676.72 1676.63 1676.52 1676.34 1676.18 1675.97 1675.69 1675.50 1675.18 1674.89 1674.56 1674.29 -9999.00 -9999.00 -9999.00 -9999.00 -9999.00 -9999.00 -9999.00 -9999.00 -9999.00 -9999.00 -9999.00 -9999.00 -9999.00 -9999.00 -9999.00 -9999.00 -9999.00 -9999.00 -9999.00 -9999.00
-9999.00 -9999.00 -9999.00 -9999.00 -9999.00 -9999.00 -9999.00 -9999.00 -9999.00 1681.18 1680.69 1680.10 1679.18 1677.85 1676.00 1673.62 1671.03 1668.86 1667.39 1668.56 1669.61 1670.98 1672.65 1674.18 1675.28 1676.10 1676.47 1676.95 1677.33 1677.42 1677.50 1677.50 1677.42 1677.38 1677.30 1677.16 1676.77 1676.57 1676.31 1676.03 1675.68 1675.42 1675.16 1674.81 -9999.00 -9999.00 -9999.00 -9999.00 -9999.00 -9999.00 -9999.00 -9999.00 -9999.00 -9999.00 -9999.00 -9999.00 -9999.00 -9999.00 -9999.00 -9999.00 -9999.00 -9999.00 -9999.00 -9999.00 -9999.00
-9999.00 -9999.00 -9999.00 -9999.00 -9999.00 -9999.00 -9999.00 -9999.00 -9999.00 1681.58 1681.22 1680.43 1679.60 1678.18 1676.33 1674.00 1671.39 1669.49 1669.56 1670.50 1671.69 1673.12 1674.62 1675.77 1676.69 1677.16 1677.47 1677.91 1678.11 1678.13 1678.16 1678.17 1677.98 1677.84 1677.62 1677.39 1677.15 1676.90 1676.59 1676.20 1675.96 1675.64 1675.40 -9999.00 -9999.00 -9999.00 -9999.00 -9999.00 -9999.00 -9999.00 -9999.00 -9999.00 -9999.00 -9999.00 -9999.00 -9999.00 -9999.00 -9999.00 -9999.00 -9999.00 -9999.00 -9999.00 -9999.00 -9999.00 -9999.00
