last_chance_experiments/case3b_1_uniform_10m_2/Square_TestBasin_10m.asc
ncols        600
nrows        600
xllcorner    0.0
yllcorner    0.0
cellsize     10.0
NODATA_value  25.0
[rows 112 to 139 of 600, columns 441 to 503 of 600]
7.015940 7.015940 7.015940 8.076600 8.076600 8.076600 9.576600 9.576600 9.576600 9.084455 9.084455 9.084455 8.319235 8.319235 8.319235 8.383606 8.383606 8.383606 8.000109 8.000109 8.000109 8.065450 8.065450 8.065450 8.269116 8.269116 8.269116 6.769116 6.769116 6.769116 8.269116 8.269116 8.269116 8.321630 8.321630 8.321630 6.821630 6.821630 6.821630 8.321630 8.321630 8.321630 8.207260 8.207260 8.207260 9.707260 9.707260 9.707260 10.328851 10.328851 10.328851 10.036678 10.036678 10.036678 9.586678 9.586678 9.586678 9.922088 9.922088 9.922088 10.309387 10.309387 10.309387
7.015940 7.015940 7.015940 8.076600 8.076600 8.076600 9.576600 9.576600 9.576600 9.084455 9.084455 9.084455 8.319235 8.319235 8.319235 8.383606 8.383606 8.383606 8.000109 8.000109 8.000109 8.065450 8.065450 8.065450 8.269116 8.269116 8.269116 6.769116 6.769116 6.769116 8.269116 8.269116 8.269116 8.321630 8.321630 8.321630 6.821630 6.821630 6.821630 8.321630 8.321630 8.321630 8.207260 8.207260 8.207260 9.707260 9.707260 9.707260 10.328851 10.328851 10.328851 10.036678 10.036678 10.036678 9.586678 9.586678 9.586678 9.922088 9.922088 9.922088 10.309387 10.309387 10.309387
6.642202 6.642202 6.642202 7.508227 7.508227 7.508227 8.568887 8.568887 8.568887 10.068887 10.068887 10.068887 9.819235 9.819235 9.819235 9.883606 9.883606 9.883606 9.060769 9.060769 9.060769 9.126110 9.126110 9.126110 8.743458 8.743458 8.743458 7.243458 7.243458 7.243458 8.743458 8.743458 8.743458 8.722522 8.722522 8.722522 7.222522 7.222522 7.222522 8.722522 8.722522 8.722522 9.267920 9.267920 9.267920 10.767920 10.767920 10.767920 10.996388 10.996388 10.996388 11.216058 11.216058 11.216058 11.086678 11.086678 11.086678 11.422088 11.422088 11.422088 11.809387 11.809387 11.809387
6.642202 6.642202 6.642202 7.508227 7.508227 7.508227 8.568887 8.568887 8.568887 10.068887 10.068887 10.068887 9.819235 9.819235 9.819235 9.883606 9.883606 9.883606 9.060769 9.060769 9.060769 9.126110 9.126110 9.126110 8.743458 8.743458 8.743458 7.243458 7.243458 7.243458 8.743458 8.743458 8.743458 8.722522 8.722522 8.722522 7.222522 7.222522 7.222522 8.722522 8.722522 8.722522 9.267920 9.267920 9.267920 10.767920 10.767920 10.767920 10.996388 10.996388 10.996388 11.216058 11.216058 11.216058 11.086678 11.086678 11.086678 11.422088 11.422088 11.422088 11.809387 11.809387 11.809387
6.642202 6.642202 6.642202 7.508227 7.508227 7.508227 8.568887 8.568887 8.568887 10.068887 10.068887 10.068887 9.819235 9.819235 9.819235 9.883606 9.883606 9.883606 9.060769 9.060769 9.060769 9.126110 9.126110 9.126110 8.743458 8.743458 8.743458 7.243458 7.243458 7.243458 8.743458 8.743458 8.743458 8.722522 8.722522 8.722522 7.222522 7.222522 7.222522 8.722522 8.722522 8.722522 9.267920 9.267920 9.267920 10.767920 10.767920 10.767920 10.996388 10.996388 10.996388 11.216058 11.216058 11.216058 11.086678 11.086678 11.086678 11.422088 11.422088 11.422088 11.809387 11.809387 11.809387
8.142202 8.142202 8.142202 8.670965 8.670965 8.670965 8.902420 8.902420 8.902420 9.163536 9.163536 9.163536 9.469723 9.469723 9.469723 9.902735 9.902735 9.902735 10.560769 10.560769 10.560769 10.626110 10.626110 10.626110 9.310405 9.310405 9.310405 7.810405 7.810405 7.810405 9.310405 9.310405 9.310405 9.174789 9.174789 9.174789 7.674789 7.674789 7.674789 8.735449 8.735449 8.735449 10.235449 10.235449 10.235449 10.801753 10.801753 10.801753 9.496388 9.496388 9.496388 9.716058 9.716058 9.716058 10.776718 10.776718 10.776718 12.276718 12.276718 12.276718 11.433890 11.433890 11.433890
8.142202 8.142202 8.142202 8.670965 8.670965 8.670965 8.902420 8.902420 8.902420 9.163536 9.163536 9.163536 9.469723 9.469723 9.469723 9.902735 9.902735 9.902735 10.560769 10.560769 10.560769 10.626110 10.626110 10.626110 9.310405 9.310405 9.310405 7.810405 7.810405 7.810405 9.310405 9.310405 9.310405 9.174789 9.174789 9.174789 7.674789 7.674789 7.674789 8.735449 8.735449 8.735449 10.235449 10.235449 10.235449 10.801753 10.801753 10.801753 9.496388 9.496388 9.496388 9.716058 9.716058 9.716058 10.776718 10.776718 10.776718 12.276718 12.276718 12.276718 11.433890 11.433890 11.433890
8.142202 8.142202 8.142202 8.670965 8.670965 8.670965 8.902420 8.902420 8.902420 9.163536 9.163536 9.163536 9.469723 9.469723 9.469723 9.902735 9.902735 9.902735 10.560769 10.560769 10.560769 10.626110 10.626110 10.626110 9.310405 9.310405 9.310405 7.810405 7.810405 7.810405 9.310405 9.310405 9.310405 9.174789 9.174789 9.174789 7.674789 7.674789 7.674789 8.735449 8.735449 8.735449 10.235449 10.235449 10.235449 10.801753 10.801753 10.801753 9.496388 9.496388 9.496388 9.716058 9.716058 9.716058 10.776718 10.776718 10.776718 12.276718 12.276718 12.276718 11.433890 11.433890 11.433890
7.400263 7.400263 7.400263 7.170965 7.170965 7.170965 7.402420 7.402420 7.402420 7.663536 7.663536 7.663536 7.969723 7.969723 7.969723 8.402735 8.402735 8.402735 9.372405 9.372405 9.372405 10.122405 10.122405 10.122405 10.060405 10.060405 10.060405 8.560405 8.560405 8.560405 10.060405 10.060405 10.060405 9.741736 9.741736 9.741736 8.241736 8.241736 8.241736 9.741736 9.741736 9.741736 10.801753 10.801753 10.801753 9.301753 9.301753 9.301753 8.435728 8.435728 8.435728 8.966058 8.966058 8.966058 9.832083 9.832083 9.832083 10.892743 10.892743 10.892743 12.392743 12.392743 12.392743
7.400263 7.400263 7.400263 7.170965 7.170965 7.170965 7.402420 7.402420 7.402420 7.663536 7.663536 7.663536 7.969723 7.969723 7.969723 8.402735 8.402735 8.402735 9.372405 9.372405 9.372405 10.122405 10.122405 10.122405 10.060405 10.060405 10.060405 8.560405 8.560405 8.560405 10.060405 10.060405 10.060405 9.741736 9.741736 9.741736 8.241736 8.241736 8.241736 9.741736 9.741736 9.741736 10.801753 10.801753 10.801753 9.301753 9.301753 9.301753 8.435728 8.435728 8.435728 8.966058 8.966058 8.966058 9.832083 9.832083 9.832083 10.892743 10.892743 10.892743 12.392743 12.392743 12.392743
7.400263 7.400263 7.400263 7.170965 7.170965 7.170965 7.402420 7.402420 7.402420 7.663536 7.663536 7.663536 7.969723 7.969723 7.969723 8.402735 8.402735 8.402735 9.372405 9.372405 9.372405 10.122405 10.122405 10.122405 10.060405 10.060405 10.060405 8.560405 8.560405 8.560405 10.060405 10.060405 10.060405 9.741736 9.741736 9.741736 8.241736 8.241736 8.241736 9.741736 9.741736 9.741736 10.801753 10.801753 10.801753 9.301753 9.301753 9.301753 8.435728 8.435728 8.435728 8.966058 8.966058 8.966058 9.832083 9.832083 9.832083 10.892743 10.892743 10.892743 12.392743 12.392743 12.392743
5.900263 5.900263 5.900263 6.110305 6.110305 6.110305 6.341760 6.341760 6.341760 6.602876 6.602876 6.602876 6.909062 6.909062 6.909062 7.342075 7.342075 7.342075 7.872405 7.872405 7.872405 8.622405 8.622405 8.622405 10.122405 10.122405 10.122405 10.060405 10.060405 10.060405 11.359481 11.359481 11.359481 10.491736 10.491736 10.491736 8.991736 8.991736 8.991736 10.491736 10.491736 10.491736 10.595496 10.595496 10.595496 9.095496 9.095496 9.095496 8.034836 8.034836 8.034836 8.784836 8.784836 8.784836 9.650861 9.650861 9.650861 10.711521 10.711521 10.711521 12.211521 12.211521 12.211521
5.900263 5.900263 5.900263 6.110305 6.110305 6.110305 6.341760 6.341760 6.341760 6.602876 6.602876 6.602876 6.909062 6.909062 6.909062 7.342075 7.342075 7.342075 7.872405 7.872405 7.872405 8.622405 8.622405 8.622405 10.122405 10.122405 10.122405 10.060405 10.060405 10.060405 11.359481 11.359481 11.359481 10.491736 10.491736 10.491736 8.991736 8.991736 8.991736 10.491736 10.491736 10.491736 10.595496 10.595496 10.595496 9.095496 9.095496 9.095496 8.034836 8.034836 8.034836 8.784836 8.784836 8.784836 9.650861 9.650861 9.650861 10.711521 10.711521 10.711521 12.211521 12.211521 12.211521
5.900263 5.900263 5.900263 6.110305 6.110305 6.110305 6.341760 6.341760 6.341760 6.602876 6.602876 6.602876 6.909062 6.909062 6.909062 7.342075 7.342075 7.342075 7.872405 7.872405 7.872405 8.622405 8.622405 8.622405 10.122405 10.122405 10.122405 10.060405 10.060405 10.060405 11.359481 11.359481 11.359481 10.491736 10.491736 10.491736 8.991736 8.991736 8.991736 10.491736 10.491736 10.491736 10.595496 10.595496 10.595496 9.095496 9.095496 9.095496 8.034836 8.034836 8.034836 8.784836 8.784836 8.784836 9.650861 9.650861 9.650861 10.711521 10.711521 10.711521 12.211521 12.211521 12.211521
6.571083 6.571083 6.571083 6.722677 6.722677 6.722677 6.954132 6.954132 6.954132 7.215249 7.215249 7.215249 7.409062 7.409062 7.409062 8.842075 8.842075 8.842075 8.933065 8.933065 8.933065 10.122405 10.122405 10.122405 10.493456 10.493456 10.493456 8.993456 8.993456 8.993456 9.859481 9.859481 9.859481 11.359481 11.359481 11.359481 10.491736 10.491736 10.491736 11.134194 11.134194 11.134194 9.634194 9.634194 9.634194 8.573534 8.573534 8.573534 7.707509 7.707509 7.707509 8.457509 8.457509 8.457509 9.323534 9.323534 9.323534 10.384194 10.384194 10.384194 11.884194 11.884194 11.884194
6.571083 6.571083 6.571083 6.722677 6.722677 6.722677 6.954132 6.954132 6.954132 7.215249 7.215249 7.215249 7.409062 7.409062 7.409062 8.842075 8.842075 8.842075 8.933065 8.933065 8.933065 10.122405 10.122405 10.122405 10.493456 10.493456 10.493456 8.993456 8.993456 8.993456 9.859481 9.859481 9.859481 11.359481 11.359481 11.359481 10.491736 10.491736 10.491736 11.134194 11.134194 11.134194 9.634194 9.634194 9.634194 8.573534 8.573534 8.573534 7.707509 7.707509 7.707509 8.457509 8.457509 8.457509 9.323534 9.323534 9.323534 10.384194 10.384194 10.384194 11.884194 11.884194 11.884194
6.571083 6.571083 6.571083 6.722677 6.722677 6.722677 6.954132 6.954132 6.954132 7.215249 7.215249 7.215249 7.409062 7.409062 7.409062 8.842075 8.842075 8.842075 8.933065 8.933065 8.933065 10.122405 10.122405 10.122405 10.493456 10.493456 10.493456 8.993456 8.993456 8.993456 9.859481 9.859481 9.859481 11.359481 11.359481 11.359481 10.491736 10.491736 10.491736 11.134194 11.134194 11.134194 9.634194 9.634194 9.634194 8.573534 8.573534 8.573534 7.707509 7.707509 7.707509 8.457509 8.457509 8.457509 9.323534 9.323534 9.323534 10.384194 10.384194 10.384194 11.884194 11.884194 11.884194
7.321083 7.321083 7.321083 7.393497 7.393497 7.393497 7.624952 7.624952 7.624952 7.886069 7.886069 7.886069 7.939392 7.939392 7.939392 9.439392 9.439392 9.439392 10.433065 10.433065 10.433065 10.883296 10.883296 10.883296 9.383296 9.383296 9.383296 8.322636 8.322636 8.322636 9.188661 9.188661 9.188661 10.249321 10.249321 10.249321 11.749321 11.749321 11.749321 10.855651 10.855651 10.855651 9.355651 9.355651 9.355651 8.294991 8.294991 8.294991 7.428966 7.428966 7.428966 8.489626 8.489626 8.489626 9.989626 9.989626 9.989626 10.914519 10.914519 10.914519 11.664519 11.664519 11.664519
7.321083 7.321083 7.321083 7.393497 7.393497 7.393497 7.624952 7.624952 7.624952 7.886069 7.886069 7.886069 7.939392 7.939392 7.939392 9.439392 9.439392 9.439392 10.433065 10.433065 10.433065 10.883296 10.883296 10.883296 9.383296 9.383296 9.383296 8.322636 8.322636 8.322636 9.188661 9.188661 9.188661 10.249321 10.249321 10.249321 11.749321 11.749321 11.749321 10.855651 10.855651 10.855651 9.355651 9.355651 9.355651 8.294991 8.294991 8.294991 7.428966 7.428966 7.428966 8.489626 8.489626 8.489626 9.989626 9.989626 9.989626 10.914519 10.914519 10.914519 11.664519 11.664519 11.664519
7.321083 7.321083 7.321083 7.393497 7.393497 7.393497 7.624952 7.624952 7.624952 7.886069 7.886069 7.886069 7.939392 7.939392 7.939392 9.439392 9.439392 9.439392 10.433065 10.433065 10.433065 10.883296 10.883296 10.883296 9.383296 9.383296 9.383296 8.322636 8.322636 8.322636 9.188661 9.188661 9.188661 10.249321 10.249321 10.249321 11.749321 11.749321 11.749321 10.855651 10.855651 10.855651 9.355651 9.355651 9.355651 8.294991 8.294991 8.294991 7.428966 7.428966 7.428966 8.489626 8.489626 8.489626 9.989626 9.989626 9.989626 10.914519 10.914519 10.914519 11.664519 11.664519 11.664519
8.187108 8.187108 8.187108 8.143497 8.143497 8.143497 8.374952 8.374952 8.374952 8.636069 8.636069 8.636069 8.551765 8.551765 8.551765 10.051765 10.051765 10.051765 11.297054 11.297054 11.297054 9.797054 9.797054 9.797054 8.736394 8.736394 8.736394 7.870369 7.870369 7.870369 8.736394 8.736394 8.736394 9.797054 9.797054 9.797054 11.297054 11.297054 11.297054 10.602105 10.602105 10.602105 9.102105 9.102105 9.102105 8.041445 8.041445 8.041445 7.175420 7.175420 7.175420 8.675420 8.675420 8.675420 9.323529 9.323529 9.323529 9.414519 9.414519 9.414519 10.164519 10.164519 10.164519
8.187108 8.187108 8.187108 8.143497 8.143497 8.143497 8.374952 8.374952 8.374952 8.636069 8.636069 8.636069 8.551765 8.551765 8.551765 10.051765 10.051765 10.051765 11.297054 11.297054 11.297054 9.797054 9.797054 9.797054 8.736394 8.736394 8.736394 7.870369 7.870369 7.870369 8.736394 8.736394 8.736394 9.797054 9.797054 9.797054 11.297054 11.297054 11.297054 10.602105 10.602105 10.602105 9.102105 9.102105 9.102105 8.041445 8.041445 8.041445 7.175420 7.175420 7.175420 8.675420 8.675420 8.675420 9.323529 9.323529 9.323529 9.414519 9.414519 9.414519 10.164519 10.164519 10.164519
8.187108 8.187108 8.187108 8.143497 8.143497 8.143497 8.374952 8.374952 8.374952 8.636069 8.636069 8.636069 8.551765 8.551765 8.551765 10.051765 10.051765 10.051765 11.297054 11.297054 11.297054 9.797054 9.797054 9.797054 8.736394 8.736394 8.736394 7.870369 7.870369 7.870369 8.736394 8.736394 8.736394 9.797054 9.797054 9.797054 11.297054 11.297054 11.297054 10.602105 10.602105 10.602105 9.102105 9.102105 9.102105 8.041445 8.041445 8.041445 7.175420 7.175420 7.175420 8.675420 8.675420 8.675420 9.323529 9.323529 9.323529 9.414519 9.414519 9.414519 10.164519 10.164519 10.164519
9.247769 9.247769 9.247769 9.009523 9.009523 9.009523 9.240978 9.240978 9.240978 9.502094 9.502094 9.502094 9.301765 9.301765 9.301765 10.801765 10.801765 10.801765 10.943501 10.943501 10.943501 9.443501 9.443501 9.443501 8.382841 8.382841 8.382841 7.516815 7.516815 7.516815 8.382841 8.382841 8.382841 9.443501 9.443501 9.443501 10.943501 10.943501 10.943501 10.364934 10.364934 10.364934 8.864934 8.864934 8.864934 7.804274 7.804274 7.804274 6.938249 6.938249 6.938249 7.371261 7.371261 7.371261 7.823529 7.823529 7.823529 8.353859 8.353859 8.353859 9.103859 9.103859 9.103859
9.247769 9.247769 9.247769 9.009523 9.009523 9.009523 9.240978 9.240978 9.240978 9.502094 9.502094 9.502094 9.301765 9.301765 9.301765 10.801765 10.801765 10.801765 10.943501 10.943501 10.943501 9.443501 9.443501 9.443501 8.382841 8.382841 8.382841 7.516815 7.516815 7.516815 8.382841 8.382841 8.382841 9.443501 9.443501 9.443501 10.943501 10.943501 10.943501 10.364934 10.364934 10.364934 8.864934 8.864934 8.864934 7.804274 7.804274 7.804274 6.938249 6.938249 6.938249 7.371261 7.371261 7.371261 7.823529 7.823529 7.823529 8.353859 8.353859 8.353859 9.103859 9.103859 9.103859
9.247769 9.247769 9.247769 9.009523 9.009523 9.009523 9.240978 9.240978 9.240978 9.502094 9.502094 9.502094 9.301765 9.301765 9.301765 10.801765 10.801765 10.801765 10.943501 10.943501 10.943501 9.443501 9.443501 9.443501 8.382841 8.382841 8.382841 7.516815 7.516815 7.516815 8.382841 8.382841 8.382841 9.443501 9.443501 9.443501 10.943501 10.943501 10.943501 10.364934 10.364934 10.364934 8.864934 8.864934 8.864934 7.804274 7.804274 7.804274 6.938249 6.938249 6.938249 7.371261 7.371261 7.371261 7.823529 7.823529 7.823529 8.353859 8.353859 8.353859 9.103859 9.103859 9.103859
10.747769 10.747769 10.747769 10.070183 10.070183 10.070183 10.301638 10.301638 10.301638 10.562755 10.562755 10.562755 10.362425 10.362425 10.362425 11.393501 11.393501 11.393501 9.893501 9.893501 9.893501 8.832841 8.832841 8.832841 7.966815 7.966815 7.966815 7.216815 7.216815 7.216815 8.082841 8.082841 8.082841 9.143501 9.143501 9.143501 10.643501 10.643501 10.643501 10.164488 10.164488 10.164488 8.664488 8.664488 8.664488 7.603828 7.603828 7.603828 6.737803 6.737803 6.737803 8.237803 8.237803 8.237803 9.323529 9.323529 9.323529 9.853859 9.853859 9.853859 10.603859 10.603859 10.603859
10.747769 10.747769 10.747769 10.070183 10.070183 10.070183 10.301638 10.301638 10.301638 10.562755 10.562755 10.562755 10.362425 10.362425 10.362425 11.393501 11.393501 11.393501 9.893501 9.893501 9.893501 8.832841 8.832841 8.832841 7.966815 7.966815 7.966815 7.216815 7.216815 7.216815 8.082841 8.082841 8.082841 9.143501 9.143501 9.143501 10.643501 10.643501 10.643501 10.164488 10.164488 10.164488 8.664488 8.664488 8.664488 7.603828 7.603828 7.603828 6.737803 6.737803 6.737803 8.237803 8.237803 8.237803 9.323529 9.323529 9.323529 9.853859 9.853859 9.853859 10.603859 10.603859 10.603859
