last_chance_experiments/case3b_1_uniform_10m_2/Square_TestBasin_10m.asc
ncols        600
nrows        600
xllcorner    0.0
yllcorner    0.0
cellsize     10.0
NODATA_value  25.0
[rows 280 to 307 of 600, columns 126 to 188 of 600]
5.264177 5.264177 5.264177 5.738519 5.738519 5.738519 6.305466 6.305466 6.305466 7.055466 7.055466 7.055466 6.472221 6.472221 6.472221 4.972221 4.972221 4.972221 6.079943 6.079943 6.079943 5.929278 5.929278 5.929278 6.242050 6.242050 6.242050 6.586174 6.586174 6.586174 6.443142 6.443142 6.443142 7.113962 7.113962 7.113962 8.174623 8.174623 8.174623 9.489701 9.489701 9.489701 7.989701 7.989701 7.989701 6.929041 6.929041 6.929041 6.063016 6.063016 6.063016 7.117275 7.117275 7.117275 6.078053 6.078053 6.078053 7.578053 7.578053 7.578053 7.912175 7.912175 7.912175
5.264177 5.264177 5.264177 5.738519 5.738519 5.738519 6.305466 6.305466 6.305466 7.055466 7.055466 7.055466 6.472221 6.472221 6.472221 4.972221 4.972221 4.972221 6.079943 6.079943 6.079943 5.929278 5.929278 5.929278 6.242050 6.242050 6.242050 6.586174 6.586174 6.586174 6.443142 6.443142 6.443142 7.113962 7.113962 7.113962 8.174623 8.174623 8.174623 9.489701 9.489701 9.489701 7.989701 7.989701 7.989701 6.929041 6.929041 6.929041 6.063016 6.063016 6.063016 7.117275 7.117275 7.117275 6.078053 6.078053 6.078053 7.578053 7.578053 7.578053 7.912175 7.912175 7.912175
4.491654 4.491654 4.491654 5.552314 5.552314 5.552314 7.052314 7.052314 7.052314 6.862060 6.862060 6.862060 5.362060 5.362060 5.362060 4.301400 4.301400 4.301400 4.579943 4.579943 4.579943 4.868618 4.868618 4.868618 5.181390 5.181390 5.181390 5.525514 5.525514 5.525514 5.912812 5.912812 5.912812 6.973472 6.973472 6.973472 8.473472 8.473472 8.473472 8.868407 8.868407 8.868407 7.368407 7.368407 7.368407 6.502381 6.502381 6.502381 5.831561 5.831561 5.831561 5.617275 5.617275 5.617275 5.407233 5.407233 5.407233 6.907233 6.907233 6.907233 7.584848 7.584848 7.584848
4.491654 4.491654 4.491654 5.552314 5.552314 5.552314 7.052314 7.052314 7.052314 6.862060 6.862060 6.862060 5.362060 5.362060 5.362060 4.301400 4.301400 4.301400 4.579943 4.579943 4.579943 4.868618 4.868618 4.868618 5.181390 5.181390 5.181390 5.525514 5.525514 5.525514 5.912812 5.912812 5.912812 6.973472 6.973472 6.973472 8.473472 8.473472 8.473472 8.868407 8.868407 8.868407 7.368407 7.368407 7.368407 6.502381 6.502381 6.502381 5.831561 5.831561 5.831561 5.617275 5.617275 5.617275 5.407233 5.407233 5.407233 6.907233 6.907233 6.907233 7.584848 7.584848 7.584848
4.491654 4.491654 4.491654 5.552314 5.552314 5.552314 7.052314 7.052314 7.052314 6.862060 6.862060 6.862060 5.362060 5.362060 5.362060 4.301400 4.301400 4.301400 4.579943 4.579943 4.579943 4.868618 4.868618 4.868618 5.181390 5.181390 5.181390 5.525514 5.525514 5.525514 5.912812 5.912812 5.912812 6.973472 6.973472 6.973472 8.473472 8.473472 8.473472 8.868407 8.868407 8.868407 7.368407 7.368407 7.368407 6.502381 6.502381 6.502381 5.831561 5.831561 5.831561 5.617275 5.617275 5.617275 5.407233 5.407233 5.407233 6.907233 6.907233 6.907233 7.584848 7.584848 7.584848
4.455919 4.455919 4.455919 5.516579 5.516579 5.516579 7.016579 7.016579 7.016579 6.615462 6.615462 6.615462 5.115462 5.115462 5.115462 4.054802 4.054802 4.054802 5.554802 5.554802 5.554802 6.368618 6.368618 6.368618 6.681390 6.681390 6.681390 7.025514 7.025514 7.025514 6.662812 6.662812 6.662812 7.723472 7.723472 7.723472 9.223472 9.223472 9.223472 10.107331 10.107331 10.107331 8.868407 8.868407 8.868407 8.002381 8.002381 8.002381 7.331561 7.331561 7.331561 6.710273 6.710273 6.710273 5.210273 5.210273 5.210273 6.710273 6.710273 6.710273 7.064433 7.064433 7.064433
4.455919 4.455919 4.455919 5.516579 5.516579 5.516579 7.016579 7.016579 7.016579 6.615462 6.615462 6.615462 5.115462 5.115462 5.115462 4.054802 4.054802 4.054802 5.554802 5.554802 5.554802 6.368618 6.368618 6.368618 6.681390 6.681390 6.681390 7.025514 7.025514 7.025514 6.662812 6.662812 6.662812 7.723472 7.723472 7.723472 9.223472 9.223472 9.223472 10.107331 10.107331 10.107331 8.868407 8.868407 8.868407 8.002381 8.002381 8.002381 7.331561 7.331561 7.331561 6.710273 6.710273 6.710273 5.210273 5.210273 5.210273 6.710273 6.710273 6.710273 7.064433 7.064433 7.064433
4.455919 4.455919 4.455919 5.516579 5.516579 5.516579 7.016579 7.016579 7.016579 6.615462 6.615462 6.615462 5.115462 5.115462 5.115462 4.054802 4.054802 4.054802 5.554802 5.554802 5.554802 6.368618 6.368618 6.368618 6.681390 6.681390 6.681390 7.025514 7.025514 7.025514 6.662812 6.662812 6.662812 7.723472 7.723472 7.723472 9.223472 9.223472 9.223472 10.107331 10.107331 10.107331 8.868407 8.868407 8.868407 8.002381 8.002381 8.002381 7.331561 7.331561 7.331561 6.710273 6.710273 6.710273 5.210273 5.210273 5.210273 6.710273 6.710273 6.710273 7.064433 7.064433 7.064433
4.379116 4.379116 4.379116 5.439776 5.439776 5.439776 6.939776 6.939776 6.939776 6.381201 6.381201 6.381201 4.881201 4.881201 4.881201 3.820541 3.820541 3.820541 4.570541 4.570541 4.570541 5.436566 5.436566 5.436566 6.497227 6.497227 6.497227 7.997227 7.997227 7.997227 8.162812 8.162812 8.162812 7.120864 7.120864 7.120864 8.181524 8.181524 8.181524 8.607331 8.607331 8.607331 8.180645 8.180645 8.180645 7.568273 7.568273 7.568273 7.093931 7.093931 7.093931 6.518218 6.518218 6.518218 5.018218 5.018218 5.018218 6.164589 6.164589 6.164589 5.564433 5.564433 5.564433
4.379116 4.379116 4.379116 5.439776 5.439776 5.439776 6.939776 6.939776 6.939776 6.381201 6.381201 6.381201 4.881201 4.881201 4.881201 3.820541 3.820541 3.820541 4.570541 4.570541 4.570541 5.436566 5.436566 5.436566 6.497227 6.497227 6.497227 7.997227 7.997227 7.997227 8.162812 8.162812 8.162812 7.120864 7.120864 7.120864 8.181524 8.181524 8.181524 8.607331 8.607331 8.607331 8.180645 8.180645 8.180645 7.568273 7.568273 7.568273 7.093931 7.093931 7.093931 6.518218 6.518218 6.518218 5.018218 5.018218 5.018218 6.164589 6.164589 6.164589 5.564433 5.564433 5.564433
4.379116 4.379116 4.379116 5.439776 5.439776 5.439776 6.939776 6.939776 6.939776 6.381201 6.381201 6.381201 4.881201 4.881201 4.881201 3.820541 3.820541 3.820541 4.570541 4.570541 4.570541 5.436566 5.436566 5.436566 6.497227 6.497227 6.497227 7.997227 7.997227 7.997227 8.162812 8.162812 8.162812 7.120864 7.120864 7.120864 8.181524 8.181524 8.181524 8.607331 8.607331 8.607331 8.180645 8.180645 8.180645 7.568273 7.568273 7.568273 7.093931 7.093931 7.093931 6.518218 6.518218 6.518218 5.018218 5.018218 5.018218 6.164589 6.164589 6.164589 5.564433 5.564433 5.564433
3.629116 3.629116 3.629116 4.689776 4.689776 4.689776 6.189776 6.189776 6.189776 6.164695 6.164695 6.164695 4.664695 4.664695 4.664695 3.604035 3.604035 3.604035 4.354035 4.354035 4.354035 5.220060 5.220060 5.220060 6.280720 6.280720 6.280720 7.780720 7.780720 7.780720 7.120864 7.120864 7.120864 5.620864 5.620864 5.620864 6.681524 6.681524 6.681524 7.546671 7.546671 7.546671 6.680645 6.680645 6.680645 6.068273 6.068273 6.068273 5.593931 5.593931 5.593931 5.193039 5.193039 5.193039 4.829236 4.829236 4.829236 4.664589 4.664589 4.664589 4.503773 4.503773 4.503773
3.629116 3.629116 3.629116 4.689776 4.689776 4.689776 6.189776 6.189776 6.189776 6.164695 6.164695 6.164695 4.664695 4.664695 4.664695 3.604035 3.604035 3.604035 4.354035 4.354035 4.354035 5.220060 5.220060 5.220060 6.280720 6.280720 6.280720 7.780720 7.780720 7.780720 7.120864 7.120864 7.120864 5.620864 5.620864 5.620864 6.681524 6.681524 6.681524 7.546671 7.546671 7.546671 6.680645 6.680645 6.680645 6.068273 6.068273 6.068273 5.593931 5.593931 5.593931 5.193039 5.193039 5.193039 4.829236 4.829236 4.829236 4.664589 4.664589 4.664589 4.503773 4.503773 4.503773
3.629116 3.629116 3.629116 4.689776 4.689776 4.689776 6.189776 6.189776 6.189776 6.164695 6.164695 6.164695 4.664695 4.664695 4.664695 3.604035 3.604035 3.604035 4.354035 4.354035 4.354035 5.220060 5.220060 5.220060 6.280720 6.280720 6.280720 7.780720 7.780720 7.780720 7.120864 7.120864 7.120864 5.620864 5.620864 5.620864 6.681524 6.681524 6.681524 7.546671 7.546671 7.546671 6.680645 6.680645 6.680645 6.068273 6.068273 6.068273 5.593931 5.593931 5.593931 5.193039 5.193039 5.193039 4.829236 4.829236 4.829236 4.664589 4.664589 4.664589 4.503773 4.503773 4.503773
3.608574 3.608574 3.608574 4.669234 4.669234 4.669234 6.169234 6.169234 6.169234 5.962435 5.962435 5.962435 4.462435 4.462435 4.462435 3.401775 3.401775 3.401775 4.151775 4.151775 4.151775 5.017800 5.017800 5.017800 6.078460 6.078460 6.078460 7.578460 7.578460 7.578460 6.450043 6.450043 6.450043 4.950043 4.950043 4.950043 6.010703 6.010703 6.010703 7.510703 7.510703 7.510703 8.180645 8.180645 8.180645 7.128933 7.128933 7.128933 6.654591 6.654591 6.654591 6.253699 6.253699 6.253699 5.889896 5.889896 5.889896 5.725250 5.725250 5.725250 6.003773 6.003773 6.003773
3.608574 3.608574 3.608574 4.669234 4.669234 4.669234 6.169234 6.169234 6.169234 5.962435 5.962435 5.962435 4.462435 4.462435 4.462435 3.401775 3.401775 3.401775 4.151775 4.151775 4.151775 5.017800 5.017800 5.017800 6.078460 6.078460 6.078460 7.578460 7.578460 7.578460 6.450043 6.450043 6.450043 4.950043 4.950043 4.950043 6.010703 6.010703 6.010703 7.510703 7.510703 7.510703 8.180645 8.180645 8.180645 7.128933 7.128933 7.128933 6.654591 6.654591 6.654591 6.253699 6.253699 6.253699 5.889896 5.889896 5.889896 5.725250 5.725250 5.725250 6.003773 6.003773 6.003773
3.608574 3.608574 3.608574 4.669234 4.669234 4.669234 6.169234 6.169234 6.169234 5.962435 5.962435 5.962435 4.462435 4.462435 4.462435 3.401775 3.401775 3.401775 4.151775 4.151775 4.151775 5.017800 5.017800 5.017800 6.078460 6.078460 6.078460 7.578460 7.578460 7.578460 6.450043 6.450043 6.450043 4.950043 4.950043 4.950043 6.010703 6.010703 6.010703 7.510703 7.510703 7.510703 8.180645 8.180645 8.180645 7.128933 7.128933 7.128933 6.654591 6.654591 6.654591 6.253699 6.253699 6.253699 5.889896 5.889896 5.889896 5.725250 5.725250 5.725250 6.003773 6.003773 6.003773
3.588043 3.588043 3.588043 4.648704 4.648704 4.648704 6.148704 6.148704 6.148704 5.771935 5.771935 5.771935 4.271935 4.271935 4.271935 3.211275 3.211275 3.211275 4.077300 4.077300 4.077300 5.137960 5.137960 5.137960 6.637960 6.637960 6.637960 7.010703 7.010703 7.010703 5.510703 5.510703 5.510703 4.450043 4.450043 4.450043 5.950043 5.950043 5.950043 7.261205 7.261205 7.261205 7.932025 7.932025 7.932025 8.628933 8.628933 8.628933 8.154591 8.154591 8.154591 7.753699 7.753699 7.753699 7.389896 7.389896 7.389896 7.225250 7.225250 7.225250 6.486476 6.486476 6.486476
3.588043 3.588043 3.588043 4.648704 4.648704 4.648704 6.148704 6.148704 6.148704 5.771935 5.771935 5.771935 4.271935 4.271935 4.271935 3.211275 3.211275 3.211275 4.077300 4.077300 4.077300 5.137960 5.137960 5.137960 6.637960 6.637960 6.637960 7.010703 7.010703 7.010703 5.510703 5.510703 5.510703 4.450043 4.450043 4.450043 5.950043 5.950043 5.950043 7.261205 7.261205 7.261205 7.932025 7.932025 7.932025 8.628933 8.628933 8.628933 8.154591 8.154591 8.154591 7.753699 7.753699 7.753699 7.389896 7.389896 7.389896 7.225250 7.225250 7.225250 6.486476 6.486476 6.486476
3.588043 3.588043 3.588043 4.648704 4.648704 4.648704 6.148704 6.148704 6.148704 5.771935 5.771935 5.771935 4.271935 4.271935 4.271935 3.211275 3.211275 3.211275 4.077300 4.077300 4.077300 5.137960 5.137960 5.137960 6.637960 6.637960 6.637960 7.010703 7.010703 7.010703 5.510703 5.510703 5.510703 4.450043 4.450043 4.450043 5.950043 5.950043 5.950043 7.261205 7.261205 7.261205 7.932025 7.932025 7.932025 8.628933 8.628933 8.628933 8.154591 8.154591 8.154591 7.753699 7.753699 7.753699 7.389896 7.389896 7.389896 7.225250 7.225250 7.225250 6.486476 6.486476 6.486476
3.762161 3.762161 3.762161 5.262161 5.262161 5.262161 6.005813 6.005813 6.005813 5.985537 5.985537 5.985537 4.529373 4.529373 4.529373 3.029373 3.029373 3.029373 3.895398 3.895398 3.895398 4.956058 4.956058 4.956058 6.456058 6.456058 6.456058 6.594678 6.594678 6.594678 5.094678 5.094678 5.094678 4.034018 4.034018 4.034018 5.534018 5.534018 5.534018 5.761205 5.761205 5.761205 6.432025 6.432025 6.432025 7.932025 7.932025 7.932025 8.597452 8.597452 8.597452 7.731426 7.731426 7.731426 7.164480 7.164480 7.164480 6.690138 6.690138 6.690138 6.274113 6.274113 6.274113
3.762161 3.762161 3.762161 5.262161 5.262161 5.262161 6.005813 6.005813 6.005813 5.985537 5.985537 5.985537 4.529373 4.529373 4.529373 3.029373 3.029373 3.029373 3.895398 3.895398 3.895398 4.956058 4.956058 4.956058 6.456058 6.456058 6.456058 6.594678 6.594678 6.594678 5.094678 5.094678 5.094678 4.034018 4.034018 4.034018 5.534018 5.534018 5.534018 5.761205 5.761205 5.761205 6.432025 6.432025 6.432025 7.932025 7.932025 7.932025 8.597452 8.597452 8.597452 7.731426 7.731426 7.731426 7.164480 7.164480 7.164480 6.690138 6.690138 6.690138 6.274113 6.274113 6.274113
3.762161 3.762161 3.762161 5.262161 5.262161 5.262161 6.005813 6.005813 6.005813 5.985537 5.985537 5.985537 4.529373 4.529373 4.529373 3.029373 3.029373 3.029373 3.895398 3.895398 3.895398 4.956058 4.956058 4.956058 6.456058 6.456058 6.456058 6.594678 6.594678 6.594678 5.094678 5.094678 5.094678 4.034018 4.034018 4.034018 5.534018 5.534018 5.534018 5.761205 5.761205 5.761205 6.432025 6.432025 6.432025 7.932025 7.932025 7.932025 8.597452 8.597452 8.597452 7.731426 7.731426 7.731426 7.164480 7.164480 7.164480 6.690138 6.690138 6.690138 6.274113 6.274113 6.274113
4.180997 4.180997 4.180997 5.160075 5.160075 5.160075 4.505813 4.505813 4.505813 4.485537 4.485537 4.485537 4.353811 4.353811 4.353811 2.853811 2.853811 2.853811 3.719836 3.719836 3.719836 4.780497 4.780497 4.780497 6.280497 6.280497 6.280497 6.230875 6.230875 6.230875 4.730875 4.730875 4.730875 3.670215 3.670215 3.670215 4.170215 4.170215 4.170215 4.700545 4.700545 4.700545 5.371365 5.371365 5.371365 6.432025 6.432025 6.432025 7.097452 7.097452 7.097452 6.231426 6.231426 6.231426 5.664480 5.664480 5.664480 5.190138 5.190138 5.190138 4.774113 4.774113 4.774113
4.180997 4.180997 4.180997 5.160075 5.160075 5.160075 4.505813 4.505813 4.505813 4.485537 4.485537 4.485537 4.353811 4.353811 4.353811 2.853811 2.853811 2.853811 3.719836 3.719836 3.719836 4.780497 4.780497 4.780497 6.280497 6.280497 6.280497 6.230875 6.230875 6.230875 4.730875 4.730875 4.730875 3.670215 3.670215 3.670215 4.170215 4.170215 4.170215 4.700545 4.700545 4.700545 5.371365 5.371365 5.371365 6.432025 6.432025 6.432025 7.097452 7.097452 7.097452 6.231426 6.231426 6.231426 5.664480 5.664480 5.664480 5.190138 5.190138 5.190138 4.774113 4.774113 4.774113
4.180997 4.180997 4.180997 5.160075 5.160075 5.160075 4.505813 4.505813 4.505813 4.485537 4.485537 4.485537 4.353811 4.353811 4.353811 2.853811 2.853811 2.853811 3.719836 3.719836 3.719836 4.780497 4.780497 4.780497 6.280497 6.280497 6.280497 6.230875 6.230875 6.230875 4.730875 4.730875 4.730875 3.670215 3.670215 3.670215 4.170215 4.170215 4.170215 4.700545 4.700545 4.700545 5.371365 5.371365 5.371365 6.432025 6.432025 6.432025 7.097452 7.097452 7.097452 6.231426 6.231426 6.231426 5.664480 5.664480 5.664480 5.190138 5.190138 5.190138 4.774113 4.774113 4.774113
4.119711 4.119711 4.119711 3.660075 3.660075 3.660075 3.445153 3.445153 3.445153 3.424877 3.424877 3.424877 4.038585 4.038585 4.038585 2.683970 2.683970 2.683970 3.549995 3.549995 3.549995 4.610655 4.610655 4.610655 6.110655 6.110655 6.110655 5.952332 5.952332 5.952332 4.452332 4.452332 4.452332 3.391672 3.391672 3.391672 4.141672 4.141672 4.141672 5.007697 5.007697 5.007697 6.068357 6.068357 6.068357 7.568357 7.568357 7.568357 8.597452 8.597452 8.597452 7.292087 7.292087 7.292087 7.164480 7.164480 7.164480 6.690138 6.690138 6.690138 6.274113 6.274113 6.274113
4.119711 4.119711 4.119711 3.660075 3.660075 3.660075 3.445153 3.445153 3.445153 3.424877 3.424877 3.424877 4.038585 4.038585 4.038585 2.683970 2.683970 2.683970 3.549995 3.549995 3.549995 4.610655 4.610655 4.610655 6.110655 6.110655 6.110655 5.952332 5.952332 5.952332 4.452332 4.452332 4.452332 3.391672 3.391672 3.391672 4.141672 4.141672 4.141672 5.007697 5.007697 5.007697 6.068357 6.068357 6.068357 7.568357 7.568357 7.568357 8.597452 8.597452 8.597452 7.292087 7.292087 7.292087 7.164480 7.164480 7.164480 6.690138 6.690138 6.690138 6.274113 6.274113 6.274113
