last_chance_experiments/case3b_1_uniform_10m_2/Square_TestBasin_10m.asc
ncols        600
nrows        600
xllcorner    0.0
yllcorner    0.0
cellsize     10.0
NODATA_value  25.0
[rows 308 to 335 of 600, columns 252 to 314 of 600]
5.841850 5.841850 5.841850 5.229478 5.229478 5.229478 4.102043 4.102043 4.102043 2.602043 2.602043 2.602043 3.468068 3.468068 3.468068 4.528729 4.528729 4.528729 6.028729 6.028729 6.028729 4.981932 4.981932 4.981932 3.481932 3.481932 3.481932 2.421272 2.421272 2.421272 1.555246 1.555246 1.555246 3.055246 3.055246 3.055246 4.070759 4.070759 4.070759 4.741579 4.741579 4.741579 5.607605 5.607605 5.607605 6.597932 6.597932 6.597932 5.097932 5.097932 5.097932 4.037272 4.037272 4.037272 3.171246 3.171246 3.171246 2.421246 2.421246 2.421246 3.171246 3.171246 3.171246
5.129473 5.129473 5.129473 4.068813 4.068813 4.068813 3.202787 3.202787 3.202787 2.452787 2.452787 2.452787 3.318813 3.318813 3.318813 4.379473 4.379473 4.379473 5.879473 5.879473 5.879473 4.954659 4.954659 4.954659 3.454659 3.454659 3.454659 2.393999 2.393999 2.393999 1.527974 1.527974 1.527974 2.003812 2.003812 2.003812 2.570759 2.570759 2.570759 3.241579 3.241579 3.241579 4.107605 4.107605 4.107605 5.607605 5.607605 5.607605 5.708660 5.708660 5.708660 4.208660 4.208660 4.208660 3.148000 3.148000 3.148000 2.281975 2.281975 2.281975 3.148000 3.148000 3.148000
5.129473 5.129473 5.129473 4.068813 4.068813 4.068813 3.202787 3.202787 3.202787 2.452787 2.452787 2.452787 3.318813 3.318813 3.318813 4.379473 4.379473 4.379473 5.879473 5.879473 5.879473 4.954659 4.954659 4.954659 3.454659 3.454659 3.454659 2.393999 2.393999 2.393999 1.527974 1.527974 1.527974 2.003812 2.003812 2.003812 2.570759 2.570759 2.570759 3.241579 3.241579 3.241579 4.107605 4.107605 4.107605 5.607605 5.607605 5.607605 5.708660 5.708660 5.708660 4.208660 4.208660 4.208660 3.148000 3.148000 3.148000 2.281975 2.281975 2.281975 3.148000 3.148000 3.148000
5.129473 5.129473 5.129473 4.068813 4.068813 4.068813 3.202787 3.202787 3.202787 2.452787 2.452787 2.452787 3.318813 3.318813 3.318813 4.379473 4.379473 4.379473 5.879473 5.879473 5.879473 4.954659 4.954659 4.954659 3.454659 3.454659 3.454659 2.393999 2.393999 2.393999 1.527974 1.527974 1.527974 2.003812 2.003812 2.003812 2.570759 2.570759 2.570759 3.241579 3.241579 3.241579 4.107605 4.107605 4.107605 5.607605 5.607605 5.607605 5.708660 5.708660 5.708660 4.208660 4.208660 4.208660 3.148000 3.148000 3.148000 2.281975 2.281975 2.281975 3.148000 3.148000 3.148000
5.735799 5.735799 5.735799 4.235799 4.235799 4.235799 3.175139 3.175139 3.175139 2.309113 2.309113 2.309113 3.175139 3.175139 3.175139 4.235799 4.235799 4.235799 5.735799 5.735799 5.735799 4.927404 4.927404 4.927404 3.427404 3.427404 3.427404 2.366744 2.366744 2.366744 1.500719 1.500719 1.500719 1.473482 1.473482 1.473482 2.223482 2.223482 2.223482 3.089508 3.089508 3.089508 4.150168 4.150168 4.150168 5.650168 5.650168 5.650168 5.573410 5.573410 5.573410 4.073410 4.073410 4.073410 3.012750 3.012750 3.012750 2.146724 2.146724 2.146724 3.646724 3.646724 3.646724
5.735799 5.735799 5.735799 4.235799 4.235799 4.235799 3.175139 3.175139 3.175139 2.309113 2.309113 2.309113 3.175139 3.175139 3.175139 4.235799 4.235799 4.235799 5.735799 5.735799 5.735799 4.927404 4.927404 4.927404 3.427404 3.427404 3.427404 2.366744 2.366744 2.366744 1.500719 1.500719 1.500719 1.473482 1.473482 1.473482 2.223482 2.223482 2.223482 3.089508 3.089508 3.089508 4.150168 4.150168 4.150168 5.650168 5.650168 5.650168 5.573410 5.573410 5.573410 4.073410 4.073410 4.073410 3.012750 3.012750 3.012750 2.146724 2.146724 2.146724 3.646724 3.646724 3.646724
5.735799 5.735799 5.735799 4.235799 4.235799 4.235799 3.175139 3.175139 3.175139 2.309113 2.309113 2.309113 3.175139 3.175139 3.175139 4.235799 4.235799 4.235799 5.735799 5.735799 5.735799 4.927404 4.927404 4.927404 3.427404 3.427404 3.427404 2.366744 2.366744 2.366744 1.500719 1.500719 1.500719 1.473482 1.473482 1.473482 2.223482 2.223482 2.223482 3.089508 3.089508 3.089508 4.150168 4.150168 4.150168 5.650168 5.650168 5.650168 5.573410 5.573410 5.573410 4.073410 4.073410 4.073410 3.012750 3.012750 3.012750 2.146724 2.146724 2.146724 3.646724 3.646724 3.646724
5.928198 5.928198 5.928198 4.730502 4.730502 4.730502 3.230502 3.230502 3.230502 2.169842 2.169842 2.169842 3.035867 3.035867 3.035867 4.096528 4.096528 4.096528 5.596528 5.596528 5.596528 5.622989 5.622989 5.622989 4.122989 4.122989 4.122989 3.062329 3.062329 3.062329 2.196304 2.196304 2.196304 1.446304 1.446304 1.446304 2.196304 2.196304 2.196304 3.062329 3.062329 3.062329 4.122989 4.122989 4.122989 5.622989 5.622989 5.622989 5.440827 5.440827 5.440827 3.940827 3.940827 3.940827 2.880167 2.880167 2.880167 2.014142 2.014142 2.014142 3.514142 3.514142 3.514142
5.928198 5.928198 5.928198 4.730502 4.730502 4.730502 3.230502 3.230502 3.230502 2.169842 2.169842 2.169842 3.035867 3.035867 3.035867 4.096528 4.096528 4.096528 5.596528 5.596528 5.596528 5.622989 5.622989 5.622989 4.122989 4.122989 4.122989 3.062329 3.062329 3.062329 2.196304 2.196304 2.196304 1.446304 1.446304 1.446304 2.196304 2.196304 2.196304 3.062329 3.062329 3.062329 4.122989 4.122989 4.122989 5.622989 5.622989 5.622989 5.440827 5.440827 5.440827 3.940827 3.940827 3.940827 2.880167 2.880167 2.880167 2.014142 2.014142 2.014142 3.514142 3.514142 3.514142
5.928198 5.928198 5.928198 4.730502 4.730502 4.730502 3.230502 3.230502 3.230502 2.169842 2.169842 2.169842 3.035867 3.035867 3.035867 4.096528 4.096528 4.096528 5.596528 5.596528 5.596528 5.622989 5.622989 5.622989 4.122989 4.122989 4.122989 3.062329 3.062329 3.062329 2.196304 2.196304 2.196304 1.446304 1.446304 1.446304 2.196304 2.196304 2.196304 3.062329 3.062329 3.062329 4.122989 4.122989 4.122989 5.622989 5.622989 5.622989 5.440827 5.440827 5.440827 3.940827 3.940827 3.940827 2.880167 2.880167 2.880167 2.014142 2.014142 2.014142 3.514142 3.514142 3.514142
4.428198 4.428198 4.428198 4.594698 4.594698 4.594698 3.094698 3.094698 3.094698 2.034038 2.034038 2.034038 2.784038 2.784038 2.784038 3.650064 3.650064 3.650064 4.710724 4.710724 4.710724 6.210724 6.210724 6.210724 4.845851 4.845851 4.845851 3.345851 3.345851 3.345851 2.285190 2.285190 2.285190 1.419165 1.419165 1.419165 2.169165 2.169165 2.169165 3.035190 3.035190 3.035190 4.095851 4.095851 4.095851 5.595851 5.595851 5.595851 5.310761 5.310761 5.310761 3.810761 3.810761 3.810761 2.750101 2.750101 2.750101 1.884075 1.884075 1.884075 2.271374 2.271374 2.271374
4.428198 4.428198 4.428198 4.594698 4.594698 4.594698 3.094698 3.094698 3.094698 2.034038 2.034038 2.034038 2.784038 2.784038 2.784038 3.650064 3.650064 3.650064 4.710724 4.710724 4.710724 6.210724 6.210724 6.210724 4.845851 4.845851 4.845851 3.345851 3.345851 3.345851 2.285190 2.285190 2.285190 1.419165 1.419165 1.419165 2.169165 2.169165 2.169165 3.035190 3.035190 3.035190 4.095851 4.095851 4.095851 5.595851 5.595851 5.595851 5.310761 5.310761 5.310761 3.810761 3.810761 3.810761 2.750101 2.750101 2.750101 1.884075 1.884075 1.884075 2.271374 2.271374 2.271374
4.428198 4.428198 4.428198 4.594698 4.594698 4.594698 3.094698 3.094698 3.094698 2.034038 2.034038 2.034038 2.784038 2.784038 2.784038 3.650064 3.650064 3.650064 4.710724 4.710724 4.710724 6.210724 6.210724 6.210724 4.845851 4.845851 4.845851 3.345851 3.345851 3.345851 2.285190 2.285190 2.285190 1.419165 1.419165 1.419165 2.169165 2.169165 2.169165 3.035190 3.035190 3.035190 4.095851 4.095851 4.095851 5.595851 5.595851 5.595851 5.310761 5.310761 5.310761 3.810761 3.810761 3.810761 2.750101 2.750101 2.750101 1.884075 1.884075 1.884075 2.271374 2.271374 2.271374
3.367538 3.367538 3.367538 4.276529 4.276529 4.276529 3.401971 3.401971 3.401971 1.901971 1.901971 1.901971 2.767996 2.767996 2.767996 3.828656 3.828656 3.828656 5.328656 5.328656 5.328656 5.568748 5.568748 5.568748 4.068748 4.068748 4.068748 3.008087 3.008087 3.008087 2.142062 2.142062 2.142062 1.392062 1.392062 1.392062 2.142062 2.142062 2.142062 3.008087 3.008087 3.008087 4.068748 4.068748 4.068748 5.568748 5.568748 5.568748 5.189095 5.189095 5.189095 3.689095 3.689095 3.689095 2.628435 2.628435 2.628435 1.762409 1.762409 1.762409 3.262409 3.262409 3.262409
3.367538 3.367538 3.367538 4.276529 4.276529 4.276529 3.401971 3.401971 3.401971 1.901971 1.901971 1.901971 2.767996 2.767996 2.767996 3.828656 3.828656 3.828656 5.328656 5.328656 5.328656 5.568748 5.568748 5.568748 4.068748 4.068748 4.068748 3.008087 3.008087 3.008087 2.142062 2.142062 2.142062 1.392062 1.392062 1.392062 2.142062 2.142062 2.142062 3.008087 3.008087 3.008087 4.068748 4.068748 4.068748 5.568748 5.568748 5.568748 5.189095 5.189095 5.189095 3.689095 3.689095 3.689095 2.628435 2.628435 2.628435 1.762409 1.762409 1.762409 3.262409 3.262409 3.262409
3.367538 3.367538 3.367538 4.276529 4.276529 4.276529 3.401971 3.401971 3.401971 1.901971 1.901971 1.901971 2.767996 2.767996 2.767996 3.828656 3.828656 3.828656 5.328656 5.328656 5.328656 5.568748 5.568748 5.568748 4.068748 4.068748 4.068748 3.008087 3.008087 3.008087 2.142062 2.142062 2.142062 1.392062 1.392062 1.392062 2.142062 2.142062 2.142062 3.008087 3.008087 3.008087 4.068748 4.068748 4.068748 5.568748 5.568748 5.568748 5.189095 5.189095 5.189095 3.689095 3.689095 3.689095 2.628435 2.628435 2.628435 1.762409 1.762409 1.762409 3.262409 3.262409 3.262409
2.501512 2.501512 2.501512 2.776529 2.776529 2.776529 3.180275 3.180275 3.180275 1.772390 1.772390 1.772390 2.638416 2.638416 2.638416 3.699076 3.699076 3.699076 5.199076 5.199076 5.199076 5.541684 5.541684 5.541684 4.041684 4.041684 4.041684 2.981024 2.981024 2.981024 2.114999 2.114999 2.114999 1.364999 1.364999 1.364999 2.114999 2.114999 2.114999 2.981024 2.981024 2.981024 4.041684 4.041684 4.041684 5.541684 5.541684 5.541684 5.069382 5.069382 5.069382 3.569382 3.569382 3.569382 2.508722 2.508722 2.508722 1.642696 1.642696 1.642696 2.508722 2.508722 2.508722
2.501512 2.501512 2.501512 2.776529 2.776529 2.776529 3.180275 3.180275 3.180275 1.772390 1.772390 1.772390 2.638416 2.638416 2.638416 3.699076 3.699076 3.699076 5.199076 5.199076 5.199076 5.541684 5.541684 5.541684 4.041684 4.041684 4.041684 2.981024 2.981024 2.981024 2.114999 2.114999 2.114999 1.364999 1.364999 1.364999 2.114999 2.114999 2.114999 2.981024 2.981024 2.981024 4.041684 4.041684 4.041684 5.541684 5.541684 5.541684 5.069382 5.069382 5.069382 3.569382 3.569382 3.569382 2.508722 2.508722 2.508722 1.642696 1.642696 1.642696 2.508722 2.508722 2.508722
2.501512 2.501512 2.501512 2.776529 2.776529 2.776529 3.180275 3.180275 3.180275 1.772390 1.772390 1.772390 2.638416 2.638416 2.638416 3.699076 3.699076 3.699076 5.199076 5.199076 5.199076 5.541684 5.541684 5.541684 4.041684 4.041684 4.041684 2.981024 2.981024 2.981024 2.114999 2.114999 2.114999 1.364999 1.364999 1.364999 2.114999 2.114999 2.114999 2.981024 2.981024 2.981024 4.041684 4.041684 4.041684 5.541684 5.541684 5.541684 5.069382 5.069382 5.069382 3.569382 3.569382 3.569382 2.508722 2.508722 2.508722 1.642696 1.642696 1.642696 2.508722 2.508722 2.508722
1.751512 1.751512 1.751512 1.715869 1.715869 1.715869 1.680275 1.680275 1.680275 1.644702 1.644702 1.644702 2.326201 2.326201 2.326201 3.192226 3.192226 3.192226 4.252886 4.252886 4.252886 5.752886 5.752886 5.752886 4.764661 4.764661 4.764661 3.264661 3.264661 3.264661 2.204000 2.204000 2.204000 1.337975 1.337975 1.337975 2.087975 2.087975 2.087975 2.954000 2.954000 2.954000 4.014661 4.014661 4.014661 5.514661 5.514661 5.514661 4.952251 4.952251 4.952251 3.452251 3.452251 3.452251 2.391591 2.391591 2.391591 1.525566 1.525566 1.525566 2.391591 2.391591 2.391591
1.751512 1.751512 1.751512 1.715869 1.715869 1.715869 1.680275 1.680275 1.680275 1.644702 1.644702 1.644702 2.326201 2.326201 2.326201 3.192226 3.192226 3.192226 4.252886 4.252886 4.252886 5.752886 5.752886 5.752886 4.764661 4.764661 4.764661 3.264661 3.264661 3.264661 2.204000 2.204000 2.204000 1.337975 1.337975 1.337975 2.087975 2.087975 2.087975 2.954000 2.954000 2.954000 4.014661 4.014661 4.014661 5.514661 5.514661 5.514661 4.952251 4.952251 4.952251 3.452251 3.452251 3.452251 2.391591 2.391591 2.391591 1.525566 1.525566 1.525566 2.391591 2.391591 2.391591
1.751512 1.751512 1.751512 1.715869 1.715869 1.715869 1.680275 1.680275 1.680275 1.644702 1.644702 1.644702 2.326201 2.326201 2.326201 3.192226 3.192226 3.192226 4.252886 4.252886 4.252886 5.752886 5.752886 5.752886 4.764661 4.764661 4.764661 3.264661 3.264661 3.264661 2.204000 2.204000 2.204000 1.337975 1.337975 1.337975 2.087975 2.087975 2.087975 2.954000 2.954000 2.954000 4.014661 4.014661 4.014661 5.514661 5.514661 5.514661 4.952251 4.952251 4.952251 3.452251 3.452251 3.452251 2.391591 2.391591 2.391591 1.525566 1.525566 1.525566 2.391591 2.391591 2.391591
2.812173 2.812173 2.812173 2.776529 2.776529 2.776529 3.110442 3.110442 3.110442 1.610442 1.610442 1.610442 1.576201 1.576201 1.576201 2.442226 2.442226 2.442226 3.502886 3.502886 3.502886 5.002886 5.002886 5.002886 4.737672 4.737672 4.737672 3.237672 3.237672 3.237672 2.177012 2.177012 2.177012 1.310986 1.310986 1.310986 2.060986 2.060986 2.060986 2.927012 2.927012 2.927012 3.987672 3.987672 3.987672 5.487672 5.487672 5.487672 4.837544 4.837544 4.837544 3.337544 3.337544 3.337544 2.276883 2.276883 2.276883 1.410858 1.410858 1.410858 2.471518 2.471518 2.471518
2.812173 2.812173 2.812173 2.776529 2.776529 2.776529 3.110442 3.110442 3.110442 1.610442 1.610442 1.610442 1.576201 1.576201 1.576201 2.442226 2.442226 2.442226 3.502886 3.502886 3.502886 5.002886 5.002886 5.002886 4.737672 4.737672 4.737672 3.237672 3.237672 3.237672 2.177012 2.177012 2.177012 1.310986 1.310986 1.310986 2.060986 2.060986 2.060986 2.927012 2.927012 2.927012 3.987672 3.987672 3.987672 5.487672 5.487672 5.487672 4.837544 4.837544 4.837544 3.337544 3.337544 3.337544 2.276883 2.276883 2.276883 1.410858 1.410858 1.410858 2.471518 2.471518 2.471518
2.812173 2.812173 2.812173 2.776529 2.776529 2.776529 3.110442 3.110442 3.110442 1.610442 1.610442 1.610442 1.576201 1.576201 1.576201 2.442226 2.442226 2.442226 3.502886 3.502886 3.502886 5.002886 5.002886 5.002886 4.737672 4.737672 4.737672 3.237672 3.237672 3.237672 2.177012 2.177012 2.177012 1.310986 1.310986 1.310986 2.060986 2.060986 2.060986 2.927012 2.927012 2.927012 3.987672 3.987672 3.987672 5.487672 5.487672 5.487672 4.837544 4.837544 4.837544 3.337544 3.337544 3.337544 2.276883 2.276883 2.276883 1.410858 1.410858 1.410858 2.471518 2.471518 2.471518
4.312173 4.312173 4.312173 4.276529 4.276529 4.276529 4.102691 4.102691 4.102691 2.602691 2.602691 2.602691 1.542030 1.542030 1.542030 2.408056 2.408056 2.408056 3.468716 3.468716 3.468716 4.968716 4.968716 4.968716 4.710718 4.710718 4.710718 3.210718 3.210718 3.210718 2.150058 2.150058 2.150058 1.284032 1.284032 1.284032 2.150058 2.150058 2.150058 3.210718 3.210718 3.210718 4.710718 4.710718 4.710718 5.832405 5.832405 5.832405 4.332405 4.332405 4.332405 3.858771 3.858771 3.858771 2.358771 2.358771 2.358771 1.298111 1.298111 1.298111 2.798111 2.798111 2.798111
4.312173 4.312173 4.312173 4.276529 4.276529 4.276529 4.102691 4.102691 4.102691 2.602691 2.602691 2.602691 1.542030 1.542030 1.542030 2.408056 2.408056 2.408056 3.468716 3.468716 3.468716 4.968716 4.968716 4.968716 4.710718 4.710718 4.710718 3.210718 3.210718 3.210718 2.150058 2.150058 2.150058 1.284032 1.284032 1.284032 2.150058 2.150058 2.150058 3.210718 3.210718 3.210718 4.710718 4.710718 4.710718 5.832405 5.832405 5.832405 4.332405 4.332405 4.332405 3.858771 3.858771 3.858771 2.358771 2.358771 2.358771 1.298111 1.298111 1.298111 2.798111 2.798111 2.798111
4.312173 4.312173 4.312173 4.276529 4.276529 4.276529 4.102691 4.102691 4.102691 2.602691 2.602691 2.602691 1.542030 1.542030 1.542030 2.408056 2.408056 2.408056 3.468716 3.468716 3.468716 4.968716 4.968716 4.968716 4.710718 4.710718 4.710718 3.210718 3.210718 3.210718 2.150058 2.150058 2.150058 1.284032 1.284032 1.284032 2.150058 2.150058 2.150058 3.210718 3.210718 3.210718 4.710718 4.710718 4.710718 5.832405 5.832405 5.832405 4.332405 4.332405 4.332405 3.858771 3.858771 3.858771 2.358771 2.358771 2.358771 1.298111 1.298111 1.298111 2.798111 2.798111 2.798111
