last_chance_experiments/case3b_1_uniform_10m_2/Square_TestBasin_10m.asc
ncols        600
nrows        600
xllcorner    0.0
yllcorner    0.0
cellsize     10.0
NODATA_value  25.0
[rows 168 to 195 of 600, columns 126 to 188 of 600]
6.620005 6.620005 6.620005 5.120005 5.120005 5.120005 6.508454 6.508454 6.508454 6.453387 6.453387 6.453387 4.995830 4.995830 4.995830 5.136318 5.136318 5.136318 5.277426 5.277426 5.277426 6.143451 6.143451 6.143451 7.204111 7.204111 7.204111 8.704111 8.704111 8.704111 8.760125 8.760125 8.760125 7.983195 7.983195 7.983195 8.271870 8.271870 8.271870 8.591671 8.591671 8.591671 9.277331 9.277331 9.277331 9.534394 9.534394 9.534394 11.034394 11.034394 11.034394 11.501423 11.501423 11.501423 10.440763 10.440763 10.440763 9.690763 9.690763 9.690763 9.370962 9.370962 9.370962
6.620005 6.620005 6.620005 5.120005 5.120005 5.120005 6.508454 6.508454 6.508454 6.453387 6.453387 6.453387 4.995830 4.995830 4.995830 5.136318 5.136318 5.136318 5.277426 5.277426 5.277426 6.143451 6.143451 6.143451 7.204111 7.204111 7.204111 8.704111 8.704111 8.704111 8.760125 8.760125 8.760125 7.983195 7.983195 7.983195 8.271870 8.271870 8.271870 8.591671 8.591671 8.591671 9.277331 9.277331 9.277331 9.534394 9.534394 9.534394 11.034394 11.034394 11.034394 11.501423 11.501423 11.501423 10.440763 10.440763 10.440763 9.690763 9.690763 9.690763 9.370962 9.370962 9.370962
6.620005 6.620005 6.620005 5.120005 5.120005 5.120005 6.508454 6.508454 6.508454 6.453387 6.453387 6.453387 4.995830 4.995830 4.995830 5.136318 5.136318 5.136318 5.277426 5.277426 5.277426 6.143451 6.143451 6.143451 7.204111 7.204111 7.204111 8.704111 8.704111 8.704111 8.760125 8.760125 8.760125 7.983195 7.983195 7.983195 8.271870 8.271870 8.271870 8.591671 8.591671 8.591671 9.277331 9.277331 9.277331 9.534394 9.534394 9.534394 11.034394 11.034394 11.034394 11.501423 11.501423 11.501423 10.440763 10.440763 10.440763 9.690763 9.690763 9.690763 9.370962 9.370962 9.370962
5.347105 5.347105 5.347105 5.063632 5.063632 5.063632 5.008454 5.008454 5.008454 4.953387 4.953387 4.953387 4.898394 4.898394 4.898394 6.398394 6.398394 6.398394 5.948246 5.948246 5.948246 6.698246 6.698246 6.698246 7.564271 7.564271 7.564271 8.624932 8.624932 8.624932 10.124932 10.124932 10.124932 9.043855 9.043855 9.043855 9.332530 9.332530 9.332530 9.652331 9.652331 9.652331 10.777331 10.777331 10.777331 11.034394 11.034394 11.034394 11.264076 11.264076 11.264076 10.811809 10.811809 10.811809 10.424511 10.424511 10.424511 10.080387 10.080387 10.080387 9.437718 9.437718 9.437718
5.347105 5.347105 5.347105 5.063632 5.063632 5.063632 5.008454 5.008454 5.008454 4.953387 4.953387 4.953387 4.898394 4.898394 4.898394 6.398394 6.398394 6.398394 5.948246 5.948246 5.948246 6.698246 6.698246 6.698246 7.564271 7.564271 7.564271 8.624932 8.624932 8.624932 10.124932 10.124932 10.124932 9.043855 9.043855 9.043855 9.332530 9.332530 9.332530 9.652331 9.652331 9.652331 10.777331 10.777331 10.777331 11.034394 11.034394 11.034394 11.264076 11.264076 11.264076 10.811809 10.811809 10.811809 10.424511 10.424511 10.424511 10.080387 10.080387 10.080387 9.437718 9.437718 9.437718
5.347105 5.347105 5.347105 5.063632 5.063632 5.063632 5.008454 5.008454 5.008454 4.953387 4.953387 4.953387 4.898394 4.898394 4.898394 6.398394 6.398394 6.398394 5.948246 5.948246 5.948246 6.698246 6.698246 6.698246 7.564271 7.564271 7.564271 8.624932 8.624932 8.624932 10.124932 10.124932 10.124932 9.043855 9.043855 9.043855 9.332530 9.332530 9.332530 9.652331 9.652331 9.652331 10.777331 10.777331 10.777331 11.034394 11.034394 11.034394 11.264076 11.264076 11.264076 10.811809 10.811809 10.811809 10.424511 10.424511 10.424511 10.080387 10.080387 10.080387 9.437718 9.437718 9.437718
6.407766 6.407766 6.407766 6.124292 6.124292 6.124292 6.508454 6.508454 6.508454 6.350552 6.350552 6.350552 4.850552 4.850552 4.850552 6.350552 6.350552 6.350552 7.151820 7.151820 7.151820 7.626161 7.626161 7.626161 8.156491 8.156491 8.156491 8.768864 8.768864 8.768864 9.518864 9.518864 9.518864 10.543855 10.543855 10.543855 10.832530 10.832530 10.832530 11.152331 11.152331 11.152331 11.520363 11.520363 11.520363 10.770363 10.770363 10.770363 9.764076 9.764076 9.764076 9.311809 9.311809 9.311809 8.924511 8.924511 8.924511 8.580387 8.580387 8.580387 8.699926 8.699926 8.699926
6.407766 6.407766 6.407766 6.124292 6.124292 6.124292 6.508454 6.508454 6.508454 6.350552 6.350552 6.350552 4.850552 4.850552 4.850552 6.350552 6.350552 6.350552 7.151820 7.151820 7.151820 7.626161 7.626161 7.626161 8.156491 8.156491 8.156491 8.768864 8.768864 8.768864 9.518864 9.518864 9.518864 10.543855 10.543855 10.543855 10.832530 10.832530 10.832530 11.152331 11.152331 11.152331 11.520363 11.520363 11.520363 10.770363 10.770363 10.770363 9.764076 9.764076 9.764076 9.311809 9.311809 9.311809 8.924511 8.924511 8.924511 8.580387 8.580387 8.580387 8.699926 8.699926 8.699926
6.407766 6.407766 6.407766 6.124292 6.124292 6.124292 6.508454 6.508454 6.508454 6.350552 6.350552 6.350552 4.850552 4.850552 4.850552 6.350552 6.350552 6.350552 7.151820 7.151820 7.151820 7.626161 7.626161 7.626161 8.156491 8.156491 8.156491 8.768864 8.768864 8.768864 9.518864 9.518864 9.518864 10.543855 10.543855 10.543855 10.832530 10.832530 10.832530 11.152331 11.152331 11.152331 11.520363 11.520363 11.520363 10.770363 10.770363 10.770363 9.764076 9.764076 9.764076 9.311809 9.311809 9.311809 8.924511 8.924511 8.924511 8.580387 8.580387 8.580387 8.699926 8.699926 8.699926
7.907766 7.907766 7.907766 7.624292 7.624292 7.624292 7.363442 7.363442 7.363442 5.863442 5.863442 5.863442 4.802782 4.802782 4.802782 5.218807 5.218807 5.218807 5.651820 5.651820 5.651820 6.126161 6.126161 6.126161 6.656491 6.656491 6.656491 7.268864 7.268864 7.268864 8.018864 8.018864 8.018864 9.079524 9.079524 9.079524 10.579524 10.579524 10.579524 11.520363 11.520363 11.520363 10.020363 10.020363 10.020363 9.270363 9.270363 9.270363 8.703416 8.703416 8.703416 8.251149 8.251149 8.251149 7.863851 7.863851 7.863851 7.519727 7.519727 7.519727 7.199926 7.199926 7.199926
7.907766 7.907766 7.907766 7.624292 7.624292 7.624292 7.363442 7.363442 7.363442 5.863442 5.863442 5.863442 4.802782 4.802782 4.802782 5.218807 5.218807 5.218807 5.651820 5.651820 5.651820 6.126161 6.126161 6.126161 6.656491 6.656491 6.656491 7.268864 7.268864 7.268864 8.018864 8.018864 8.018864 9.079524 9.079524 9.079524 10.579524 10.579524 10.579524 11.520363 11.520363 11.520363 10.020363 10.020363 10.020363 9.270363 9.270363 9.270363 8.703416 8.703416 8.703416 8.251149 8.251149 8.251149 7.863851 7.863851 7.863851 7.519727 7.519727 7.519727 7.199926 7.199926 7.199926
7.907766 7.907766 7.907766 7.624292 7.624292 7.624292 7.363442 7.363442 7.363442 5.863442 5.863442 5.863442 4.802782 4.802782 4.802782 5.218807 5.218807 5.218807 5.651820 5.651820 5.651820 6.126161 6.126161 6.126161 6.656491 6.656491 6.656491 7.268864 7.268864 7.268864 8.018864 8.018864 8.018864 9.079524 9.079524 9.079524 10.579524 10.579524 10.579524 11.520363 11.520363 11.520363 10.020363 10.020363 10.020363 9.270363 9.270363 9.270363 8.703416 8.703416 8.703416 8.251149 8.251149 8.251149 7.863851 7.863851 7.863851 7.519727 7.519727 7.519727 7.199926 7.199926 7.199926
8.932081 8.932081 8.932081 7.432081 7.432081 7.432081 6.371420 6.371420 6.371420 5.505395 5.505395 5.505395 4.755395 4.755395 4.755395 5.285725 5.285725 5.285725 5.852672 5.852672 5.852672 6.465044 6.465044 6.465044 7.135865 7.135865 7.135865 7.885865 7.885865 7.885865 8.751890 8.751890 8.751890 9.812550 9.812550 9.812550 11.312550 11.312550 11.312550 12.514751 12.514751 12.514751 11.520363 11.520363 11.520363 10.770363 10.770363 10.770363 10.203416 10.203416 10.203416 9.751149 9.751149 9.751149 9.363851 9.363851 9.363851 8.393740 8.393740 8.393740 6.893740 6.893740 6.893740
8.932081 8.932081 8.932081 7.432081 7.432081 7.432081 6.371420 6.371420 6.371420 5.505395 5.505395 5.505395 4.755395 4.755395 4.755395 5.285725 5.285725 5.285725 5.852672 5.852672 5.852672 6.465044 6.465044 6.465044 7.135865 7.135865 7.135865 7.885865 7.885865 7.885865 8.751890 8.751890 8.751890 9.812550 9.812550 9.812550 11.312550 11.312550 11.312550 12.514751 12.514751 12.514751 11.520363 11.520363 11.520363 10.770363 10.770363 10.770363 10.203416 10.203416 10.203416 9.751149 9.751149 9.751149 9.363851 9.363851 9.363851 8.393740 8.393740 8.393740 6.893740 6.893740 6.893740
8.932081 8.932081 8.932081 7.432081 7.432081 7.432081 6.371420 6.371420 6.371420 5.505395 5.505395 5.505395 4.755395 4.755395 4.755395 5.285725 5.285725 5.285725 5.852672 5.852672 5.852672 6.465044 6.465044 6.465044 7.135865 7.135865 7.135865 7.885865 7.885865 7.885865 8.751890 8.751890 8.751890 9.812550 9.812550 9.812550 11.312550 11.312550 11.312550 12.514751 12.514751 12.514751 11.520363 11.520363 11.520363 10.770363 10.770363 10.770363 10.203416 10.203416 10.203416 9.751149 9.751149 9.751149 9.363851 9.363851 9.363851 8.393740 8.393740 8.393740 6.893740 6.893740 6.893740
9.409810 9.409810 9.409810 8.134998 8.134998 8.134998 6.634998 6.634998 6.634998 5.574338 5.574338 5.574338 4.708313 4.708313 4.708313 5.238643 5.238643 5.238643 5.805590 5.805590 5.805590 6.417962 6.417962 6.417962 7.088782 7.088782 7.088782 7.838782 7.838782 7.838782 8.704808 8.704808 8.704808 9.765468 9.765468 9.765468 11.265468 11.265468 11.265468 11.014751 11.014751 11.014751 11.488074 11.488074 11.488074 11.087182 11.087182 11.087182 10.743058 10.743058 10.743058 10.870013 10.870013 10.870013 9.370013 9.370013 9.370013 8.309353 8.309353 8.309353 7.443328 7.443328 7.443328
9.409810 9.409810 9.409810 8.134998 8.134998 8.134998 6.634998 6.634998 6.634998 5.574338 5.574338 5.574338 4.708313 4.708313 4.708313 5.238643 5.238643 5.238643 5.805590 5.805590 5.805590 6.417962 6.417962 6.417962 7.088782 7.088782 7.088782 7.838782 7.838782 7.838782 8.704808 8.704808 8.704808 9.765468 9.765468 9.765468 11.265468 11.265468 11.265468 11.014751 11.014751 11.014751 11.488074 11.488074 11.488074 11.087182 11.087182 11.087182 10.743058 10.743058 10.743058 10.870013 10.870013 10.870013 9.370013 9.370013 9.370013 8.309353 8.309353 8.309353 7.443328 7.443328 7.443328
9.409810 9.409810 9.409810 8.134998 8.134998 8.134998 6.634998 6.634998 6.634998 5.574338 5.574338 5.574338 4.708313 4.708313 4.708313 5.238643 5.238643 5.238643 5.805590 5.805590 5.805590 6.417962 6.417962 6.417962 7.088782 7.088782 7.088782 7.838782 7.838782 7.838782 8.704808 8.704808 8.704808 9.765468 9.765468 9.765468 11.265468 11.265468 11.265468 11.014751 11.014751 11.014751 11.488074 11.488074 11.488074 11.087182 11.087182 11.087182 10.743058 10.743058 10.743058 10.870013 10.870013 10.870013 9.370013 9.370013 9.370013 8.309353 8.309353 8.309353 7.443328 7.443328 7.443328
8.738989 8.738989 8.738989 8.088192 8.088192 8.088192 6.588192 6.588192 6.588192 5.527532 5.527532 5.527532 4.661506 4.661506 4.661506 5.191836 5.191836 5.191836 5.758783 5.758783 5.758783 6.371155 6.371155 6.371155 7.121155 7.121155 7.121155 7.987181 7.987181 7.987181 9.047841 9.047841 9.047841 10.547841 10.547841 10.547841 11.454091 11.454091 11.454091 9.954091 9.954091 9.954091 9.988074 9.988074 9.988074 9.587182 9.587182 9.587182 9.243058 9.243058 9.243058 9.570847 9.570847 9.570847 9.287373 9.287373 9.287373 9.022208 9.022208 9.022208 8.943328 8.943328 8.943328
8.738989 8.738989 8.738989 8.088192 8.088192 8.088192 6.588192 6.588192 6.588192 5.527532 5.527532 5.527532 4.661506 4.661506 4.661506 5.191836 5.191836 5.191836 5.758783 5.758783 5.758783 6.371155 6.371155 6.371155 7.121155 7.121155 7.121155 7.987181 7.987181 7.987181 9.047841 9.047841 9.047841 10.547841 10.547841 10.547841 11.454091 11.454091 11.454091 9.954091 9.954091 9.954091 9.988074 9.988074 9.988074 9.587182 9.587182 9.587182 9.243058 9.243058 9.243058 9.570847 9.570847 9.570847 9.287373 9.287373 9.287373 9.022208 9.022208 9.022208 8.943328 8.943328 8.943328
8.738989 8.738989 8.738989 8.088192 8.088192 8.088192 6.588192 6.588192 6.588192 5.527532 5.527532 5.527532 4.661506 4.661506 4.661506 5.191836 5.191836 5.191836 5.758783 5.758783 5.758783 6.371155 6.371155 6.371155 7.121155 7.121155 7.121155 7.987181 7.987181 7.987181 9.047841 9.047841 9.047841 10.547841 10.547841 10.547841 11.454091 11.454091 11.454091 9.954091 9.954091 9.954091 9.988074 9.988074 9.988074 9.587182 9.587182 9.587182 9.243058 9.243058 9.243058 9.570847 9.570847 9.570847 9.287373 9.287373 9.287373 9.022208 9.022208 9.022208 8.943328 8.943328 8.943328
8.238989 8.238989 8.238989 8.041656 8.041656 8.041656 6.541656 6.541656 6.541656 5.480996 5.480996 5.480996 4.614971 4.614971 4.614971 5.675631 5.675631 5.675631 7.175631 7.175631 7.175631 7.871155 7.871155 7.871155 7.984873 7.984873 7.984873 7.866160 7.866160 7.866160 8.536980 8.536980 8.536980 9.403005 9.403005 9.403005 10.704091 10.704091 10.704091 9.204091 9.204091 9.204091 8.927414 8.927414 8.927414 8.526522 8.526522 8.526522 8.182398 8.182398 8.182398 8.070847 8.070847 8.070847 7.787373 7.787373 7.787373 7.522208 7.522208 7.522208 7.711548 7.711548 7.711548
8.238989 8.238989 8.238989 8.041656 8.041656 8.041656 6.541656 6.541656 6.541656 5.480996 5.480996 5.480996 4.614971 4.614971 4.614971 5.675631 5.675631 5.675631 7.175631 7.175631 7.175631 7.871155 7.871155 7.871155 7.984873 7.984873 7.984873 7.866160 7.866160 7.866160 8.536980 8.536980 8.536980 9.403005 9.403005 9.403005 10.704091 10.704091 10.704091 9.204091 9.204091 9.204091 8.927414 8.927414 8.927414 8.526522 8.526522 8.526522 8.182398 8.182398 8.182398 8.070847 8.070847 8.070847 7.787373 7.787373 7.787373 7.522208 7.522208 7.522208 7.711548 7.711548 7.711548
8.238989 8.238989 8.238989 8.041656 8.041656 8.041656 6.541656 6.541656 6.541656 5.480996 5.480996 5.480996 4.614971 4.614971 4.614971 5.675631 5.675631 5.675631 7.175631 7.175631 7.175631 7.871155 7.871155 7.871155 7.984873 7.984873 7.984873 7.866160 7.866160 7.866160 8.536980 8.536980 8.536980 9.403005 9.403005 9.403005 10.704091 10.704091 10.704091 9.204091 9.204091 9.204091 8.927414 8.927414 8.927414 8.526522 8.526522 8.526522 8.182398 8.182398 8.182398 8.070847 8.070847 8.070847 7.787373 7.787373 7.787373 7.522208 7.522208 7.522208 7.711548 7.711548 7.711548
7.822964 7.822964 7.822964 7.995255 7.995255 7.995255 6.495255 6.495255 6.495255 5.434595 5.434595 5.434595 4.568569 4.568569 4.568569 5.976031 5.976031 5.976031 6.276031 6.276031 6.276031 6.588803 6.588803 6.588803 6.484873 6.484873 6.484873 6.366160 6.366160 6.366160 7.036980 7.036980 7.036980 7.903005 7.903005 7.903005 9.403005 9.403005 9.403005 8.591718 8.591718 8.591718 8.061388 8.061388 8.061388 7.660496 7.660496 7.660496 7.316373 7.316373 7.316373 7.010186 7.010186 7.010186 6.726713 6.726713 6.726713 6.461548 6.461548 6.461548 6.211548 6.211548 6.211548
7.822964 7.822964 7.822964 7.995255 7.995255 7.995255 6.495255 6.495255 6.495255 5.434595 5.434595 5.434595 4.568569 4.568569 4.568569 5.976031 5.976031 5.976031 6.276031 6.276031 6.276031 6.588803 6.588803 6.588803 6.484873 6.484873 6.484873 6.366160 6.366160 6.366160 7.036980 7.036980 7.036980 7.903005 7.903005 7.903005 9.403005 9.403005 9.403005 8.591718 8.591718 8.591718 8.061388 8.061388 8.061388 7.660496 7.660496 7.660496 7.316373 7.316373 7.316373 7.010186 7.010186 7.010186 6.726713 6.726713 6.726713 6.461548 6.461548 6.461548 6.211548 6.211548 6.211548
7.822964 7.822964 7.822964 7.995255 7.995255 7.995255 6.495255 6.495255 6.495255 5.434595 5.434595 5.434595 4.568569 4.568569 4.568569 5.976031 5.976031 5.976031 6.276031 6.276031 6.276031 6.588803 6.588803 6.588803 6.484873 6.484873 6.484873 6.366160 6.366160 6.366160 7.036980 7.036980 7.036980 7.903005 7.903005 7.903005 9.403005 9.403005 9.403005 8.591718 8.591718 8.591718 8.061388 8.061388 8.061388 7.660496 7.660496 7.660496 7.316373 7.316373 7.316373 7.010186 7.010186 7.010186 6.726713 6.726713 6.726713 6.461548 6.461548 6.461548 6.211548 6.211548 6.211548
7.459161 7.459161 7.459161 7.948942 7.948942 7.948942 6.448942 6.448942 6.448942 5.388282 5.388282 5.388282 4.522256 4.522256 4.522256 4.476031 4.476031 4.476031 4.776031 4.776031 4.776031 5.088803 5.088803 5.088803 5.424213 5.424213 5.424213 5.799213 5.799213 5.799213 6.665238 6.665238 6.665238 7.725899 7.725899 7.725899 9.225899 9.225899 9.225899 10.091718 10.091718 10.091718 9.122048 9.122048 9.122048 9.160496 9.160496 9.160496 8.816373 8.816373 8.816373 8.510186 8.510186 8.510186 8.226713 8.226713 8.226713 7.961548 7.961548 7.961548 7.711548 7.711548 7.711548
