test_to_experiment/lc3_10m_dem.asc
ncols         382
nrows         469
xllcorner     -104.72675925897
yllcorner     32.212685184295
cellsize      9.7990225000006e-05
NODATA_value  -9999
[rows 102 to 135 of 469, columns 154 to 230 of 382]
1641.701 1640.834 1639.921 1639.122 1638.1 1636.981 1635.997 1634.948 1633.221 1627.771 1624.674 1622.458 1621.15 1620.24 1619.629 1618.937 1617.269 1614.798 1613.31 1612.604 1612.036 1611.514 1610.704 1609.292 1607.276 1604.968 1604.285 1606.65 1609.836 1613.732 1618.03 1621.687 1624.169 1626.221 1628.118 1629.776 1631.21 1632.508 1633.574 1634.242 1634.559 1634.583 1634.277 1631.954 1630.609 1629.135 1627.507 1625.963 1624.564 1623.182 1621.635 1619.629 1617.162 1614.696 1612.62 1610.754 1608.904 1606.726 1604.262 1601.631 1596.892 1595.017 1593.251 1591.487 1589.477 1587.763 1586.45 1585.41 1584.738 1584.355 1583.98 1583.625 1583.156 1582.307 1581.136 1580 1579.154
1642.133 1641.308 1640.508 1639.333 1638.144 1637.086 1636.277 1635.393 1633.665 1628.493 1625.662 1623.358 1621.739 1620.302 1619.099 1617.725 1615.29 1612.253 1610.43 1609.463 1608.71 1607.559 1606.368 1605.025 1602.651 1599.891 1601.966 1605.302 1608.69 1612.379 1616.474 1620.387 1623.275 1625.22 1626.958 1628.507 1629.941 1631.102 1631.949 1632.643 1633.038 1633.182 1633.024 1630.973 1629.537 1628.124 1626.655 1625.202 1623.821 1622.45 1620.748 1618.709 1616.368 1613.972 1611.94 1609.996 1607.764 1605.283 1602.621 1599.948 1595.165 1593.203 1591.221 1589.205 1587.312 1585.62 1584.159 1582.826 1581.569 1580.442 1579.229 1577.818 1576.327 1575.112 1574.313 1573.859 1573.643
1642.638 1641.769 1640.576 1639.431 1638.709 1637.662 1636.603 1635.636 1634.029 1629.237 1626.669 1624.486 1622.672 1621.207 1619.533 1617.465 1615.182 1612.783 1610.829 1609.366 1607.91 1604.591 1601.206 1599.83 1598.99 1597.333 1600.188 1603.673 1607.164 1610.684 1614.492 1618.422 1621.705 1623.898 1625.59 1627.005 1628.279 1629.567 1630.561 1631.052 1631.49 1631.522 1631.479 1630.131 1628.609 1626.984 1625.782 1624.391 1623.074 1621.469 1619.562 1617.503 1615.304 1613.088 1611.049 1608.922 1606.404 1603.731 1600.973 1598.31 1593.393 1591.205 1589.077 1587.15 1585.08 1582.755 1580.308 1578.146 1576.42 1574.74 1572.889 1570.804 1568.953 1567.929 1567.579 1567.596 1567.849
1643.109 1642.154 1641.282 1640.175 1639.134 1637.992 1636.914 1635.852 1634.449 1629.992 1627.653 1625.557 1623.747 1622.169 1620.44 1618.341 1616.125 1614.111 1612.276 1610.633 1608.768 1604.527 1599.749 1597.208 1596.554 1596.261 1598.697 1601.865 1605.318 1608.787 1612.333 1616.036 1619.515 1622.334 1624.088 1625.711 1627.146 1628.246 1629.237 1629.951 1630.007 1629.909 1629.638 1628.887 1627.694 1626.267 1624.845 1623.505 1622.073 1620.225 1618.147 1616.075 1613.999 1611.922 1609.842 1607.426 1604.782 1602.031 1599.319 1596.589 1591.145 1588.818 1586.701 1584.44 1581.721 1578.553 1575.468 1572.978 1571.041 1569.208 1567.297 1565.326 1562.905 1560.726 1559.535 1559.483 1560.05
1643.683 1642.587 1641.641 1640.567 1639.335 1638.37 1637.3 1636.108 1634.809 1630.794 1628.78 1626.699 1624.765 1623.125 1621.361 1619.282 1617.174 1615.255 1613.525 1611.942 1610.209 1606.623 1602.379 1599.213 1597.218 1596.202 1597.247 1600.001 1603.342 1606.645 1609.879 1613.322 1616.967 1620.128 1622.646 1624.428 1625.811 1627.184 1628.338 1628.81 1628.702 1628.342 1628.021 1627.239 1626.545 1625.374 1624.069 1622.705 1620.965 1618.875 1616.599 1614.481 1612.538 1610.511 1608.224 1605.602 1602.88 1600.294 1597.545 1594.464 1588.39 1585.97 1583.609 1580.796 1577.714 1574.353 1571.133 1568.64 1566.759 1564.43 1560.723 1557.19 1554.451 1552.65 1551.63 1551.214 1551.216
1644.046 1642.972 1641.839 1640.719 1639.715 1638.73 1637.575 1636.328 1635.135 1631.554 1629.619 1627.602 1625.682 1624.048 1622.384 1620.411 1618.392 1616.59 1614.682 1613.065 1611.438 1608.837 1605.439 1602.199 1599.464 1597.114 1596.38 1598.59 1601.428 1604.362 1607.351 1610.455 1613.823 1617.378 1620.684 1622.956 1624.658 1626.169 1627.186 1627.539 1627.572 1627.492 1626.969 1625.854 1625.259 1624.415 1623.215 1621.673 1619.654 1617.286 1614.837 1612.702 1610.694 1608.436 1605.958 1603.288 1600.605 1597.987 1594.909 1591.413 1585.243 1582.544 1579.794 1576.873 1573.282 1569.313 1566.093 1563.802 1560.989 1557.043 1554.297 1552.563 1551.562 1550.638 1549.761 1549.097 1548.448
1644.415 1643.278 1642.165 1641.161 1640.07 1638.951 1637.74 1636.606 1635.483 1632.179 1630.31 1628.31 1626.547 1624.972 1623.383 1621.536 1619.529 1617.608 1615.61 1614.141 1612.453 1610.537 1607.726 1604.321 1601.217 1598.368 1595.79 1597.03 1599.347 1602.006 1604.735 1607.517 1610.487 1614.063 1617.903 1621.322 1623.532 1624.869 1625.734 1626.101 1626.362 1626.371 1626.103 1624.845 1624.172 1623.47 1622.364 1620.229 1617.802 1615.119 1612.618 1610.471 1608.308 1605.84 1603.212 1600.609 1597.922 1594.835 1591.337 1587.807 1581.785 1578.848 1575.809 1572.059 1567.17 1562.926 1560.059 1557.482 1554.872 1553.564 1553.71 1554.215 1554.353 1553.71 1552.757 1551.938 1551.107
1644.638 1643.528 1642.504 1641.539 1640.398 1639.247 1638.096 1636.965 1635.815 1632.885 1630.969 1629.031 1627.266 1625.606 1623.975 1622.245 1620.301 1618.343 1616.692 1615.034 1613.241 1611.467 1609.124 1605.958 1602.573 1599.545 1595.569 1595.831 1597.241 1599.424 1602.079 1604.662 1607.354 1610.446 1614.302 1618.292 1621.616 1623.466 1624.282 1624.993 1625.21 1625.002 1624.766 1623.854 1623.337 1622.495 1620.899 1618.245 1615.186 1612.382 1610.026 1607.73 1605.28 1602.684 1600.017 1597.434 1594.59 1591.228 1587.668 1584.301 1578.172 1575.058 1571.223 1566.408 1561.601 1557.869 1555.526 1554.803 1555.676 1557.106 1557.907 1558.23 1558.308 1557.929 1557.232 1556.324 1555.124
1644.875 1643.749 1642.617 1641.532 1640.636 1639.515 1638.412 1637.323 1636.154 1633.398 1631.542 1629.552 1627.68 1626.046 1624.392 1622.638 1620.833 1619.001 1617.367 1615.588 1613.666 1611.882 1609.881 1607.117 1603.805 1600.671 1595.999 1595.395 1595.99 1597.233 1599.072 1601.583 1604.266 1607.197 1610.374 1614.185 1617.993 1620.714 1622.283 1623.24 1623.534 1623.398 1623.203 1622.445 1621.786 1620.642 1618.585 1615.675 1612.504 1609.649 1607.243 1604.724 1601.962 1599.267 1596.638 1593.899 1590.852 1587.538 1584.131 1580.783 1574.478 1570.796 1566.451 1561.713 1557.415 1555.671 1556.942 1559.305 1560.997 1561.995 1562.455 1562.665 1562.752 1562.551 1562.038 1561.123 1559.709
1644.974 1643.787 1642.662 1641.508 1640.274 1639.544 1638.633 1637.501 1636.326 1633.693 1631.768 1629.747 1627.873 1626.235 1624.609 1622.922 1621.232 1619.485 1617.657 1615.615 1613.914 1612.308 1610.487 1607.955 1604.723 1601.588 1596.897 1595.321 1594.805 1595.485 1596.701 1598.347 1600.917 1604.096 1607.193 1610.273 1613.695 1616.878 1619.131 1620.479 1621.149 1621.345 1621.202 1620.339 1619.631 1618.264 1615.96 1613.224 1610.218 1607.329 1604.502 1601.611 1598.734 1596.029 1593.42 1590.552 1587.387 1584.1 1580.74 1577.341 1570.319 1566.366 1562.126 1558.113 1556.625 1558.464 1561.502 1563.832 1565.349 1566.431 1567.18 1567.714 1567.931 1567.904 1567.411 1566.337 1564.873
1645.034 1643.781 1642.654 1641.421 1640.058 1639.048 1638.338 1637.381 1636.224 1633.371 1631.533 1629.604 1627.648 1626.081 1624.701 1623.226 1621.542 1619.631 1617.722 1615.709 1613.812 1612.284 1610.913 1608.669 1605.393 1602.28 1597.371 1595.3 1593.626 1593.631 1594.73 1595.923 1598.161 1601.19 1604.286 1607.224 1610.13 1612.919 1615.246 1617.052 1618.433 1618.881 1618.939 1617.942 1616.92 1615.386 1613.297 1610.854 1608.125 1605.193 1602.178 1599.068 1596.109 1593.365 1590.541 1587.591 1584.278 1580.91 1577.519 1573.905 1566.151 1562.094 1558.845 1557.517 1559.561 1562.683 1565.396 1567.631 1569.393 1570.834 1572.18 1572.868 1573.214 1573.396 1573.064 1572.208 1571.097
1645.031 1643.762 1642.532 1641.128 1639.59 1638.473 1637.461 1636.6 1635.717 1632.703 1630.718 1628.771 1627.02 1625.601 1624.319 1622.954 1621.336 1619.361 1617.259 1615.234 1613.762 1612.321 1610.738 1608.596 1605.532 1602.291 1597.536 1595.576 1593.743 1592.594 1592.841 1594.217 1596.027 1598.614 1601.597 1604.467 1607.287 1609.991 1612.355 1614.176 1615.287 1615.881 1616.313 1615.761 1614.433 1612.74 1610.906 1608.65 1605.969 1603.1 1600.093 1596.975 1593.896 1590.946 1587.984 1584.813 1581.324 1577.713 1574.131 1570.311 1562.164 1559.288 1558.167 1559.723 1563.056 1566.373 1569.215 1571.682 1573.603 1575.024 1576.22 1577.037 1577.436 1577.516 1577.234 1576.659 1575.93
1645.095 1643.713 1642.279 1640.629 1638.99 1637.63 1636.545 1635.504 1634.314 1630.894 1628.694 1627.124 1625.706 1624.487 1623.318 1622.045 1620.514 1618.648 1616.771 1614.907 1613.428 1612.005 1610.453 1608.296 1605.32 1602.291 1597.483 1595.117 1592.906 1590.826 1590.22 1591.811 1593.856 1596.219 1598.983 1601.746 1604.427 1607.184 1609.694 1611.484 1612.681 1613.514 1613.882 1613.264 1612.157 1610.503 1608.634 1606.486 1603.871 1601.006 1598.026 1594.895 1591.675 1588.575 1585.472 1581.88 1578.113 1574.418 1570.714 1566.397 1559.681 1558.838 1559.856 1562.845 1566.755 1570.278 1573.169 1575.71 1577.836 1579.352 1580.419 1581.065 1581.222 1581.123 1580.857 1580.406 1579.832
1645.172 1643.631 1641.921 1639.984 1638.005 1636.595 1635.417 1634.115 1632.381 1627.996 1626.029 1624.592 1623.412 1622.483 1621.563 1620.291 1618.663 1617.006 1615.487 1613.986 1612.707 1611.476 1609.828 1607.545 1604.801 1602.013 1597.392 1594.932 1591.864 1589.006 1587.495 1587.994 1590.292 1593.089 1596.059 1598.88 1601.162 1603.334 1605.785 1608.166 1610 1611.007 1611.386 1610.965 1609.897 1608.364 1606.447 1604.312 1601.939 1599.293 1596.132 1592.692 1589.306 1586.042 1582.618 1578.76 1574.7 1571.165 1567.505 1563.29 1559.56 1560.142 1562.563 1566.869 1571.047 1574.481 1577.525 1580.242 1582.508 1584.184 1584.851 1585.102 1585.073 1584.806 1584.449 1584.055 1583.592
1645.191 1643.539 1641.724 1639.367 1637.18 1635.453 1633.933 1632.108 1629.77 1624.388 1622.627 1621.56 1620.689 1619.836 1618.983 1617.647 1615.99 1614.839 1613.844 1612.561 1611.374 1610.392 1608.805 1606.477 1603.995 1601.541 1596.855 1594.099 1591.175 1588.223 1585.874 1585.314 1586.917 1589.606 1592.541 1595.249 1597.252 1598.74 1600.338 1602.387 1604.663 1606.519 1607.704 1607.996 1607.205 1605.953 1604.335 1602.44 1600.261 1597.569 1593.952 1590.129 1586.633 1583.218 1579.611 1575.84 1572.048 1568.519 1564.865 1561.755 1560.594 1562.725 1567.335 1572.081 1575.915 1579.285 1582.459 1585.014 1586.667 1587.713 1588.291 1588.412 1588.408 1588.224 1587.888 1587.477 1587.076
1645.147 1643.324 1641.328 1639.024 1636.613 1634.49 1632.397 1628.974 1624.573 1619.927 1618.116 1615.772 1614.077 1613.008 1612.214 1611.372 1610.45 1609.555 1608.525 1607.567 1606.637 1605.464 1604.008 1602.364 1600.557 1598.689 1594.372 1591.463 1589.166 1587.115 1585.264 1583.891 1583.038 1583.824 1585.236 1587.147 1588.59 1589.44 1590.384 1591.915 1594.038 1596.23 1598.206 1600.718 1601.091 1600.88 1599.991 1598.35 1595.644 1591.805 1587.619 1583.914 1580.614 1577.281 1573.896 1570.541 1566.931 1563.415 1562.884 1563.467 1569.226 1574.153 1578.54 1582.267 1585.503 1588.066 1590.13 1591.906 1593.32 1594.262 1594.787 1595.139 1595.081 1594.695 1594.291 1593.921 1593.483
1645.021 1643.29 1641.375 1638.993 1637.088 1635.473 1633.039 1629.122 1624.758 1619.396 1617.36 1613.666 1610.599 1609.367 1608.928 1608.228 1607.161 1606.036 1605.061 1603.965 1603.147 1602.109 1600.77 1599.44 1598.111 1596.44 1591.998 1589.571 1587.444 1585.841 1584.555 1583.317 1582.317 1582.348 1583.322 1584.237 1584.89 1585.072 1585.294 1586.752 1589.52 1592.072 1594.163 1597.349 1598.26 1598.485 1597.831 1595.297 1592.004 1588.039 1584.289 1580.906 1577.557 1574.216 1570.987 1567.699 1564.563 1563.686 1565.2 1567.694 1574.37 1578.924 1583.306 1586.581 1589.142 1591.399 1593.385 1595.105 1596.62 1597.693 1598.057 1598.315 1598.159 1597.803 1597.399 1596.911 1596.397
1644.897 1643.224 1641.402 1639.583 1637.789 1636.228 1634.444 1630.597 1625.834 1620.163 1617.836 1613.494 1610.37 1608.517 1607.166 1605.816 1603.998 1601.917 1600.645 1599.962 1599.328 1598.537 1597.747 1597.04 1595.863 1593.731 1589.171 1586.967 1585.513 1584.649 1583.677 1582.682 1582.265 1582.252 1582.243 1582.202 1582.5 1582.804 1583.064 1583.89 1585.607 1588.032 1590.22 1593.256 1594.14 1594.405 1593.578 1591.137 1587.695 1584.4 1581.048 1577.75 1574.528 1571.354 1568.271 1565.449 1564.301 1566.362 1569.508 1572.132 1578.834 1583.401 1587.133 1590.06 1592.564 1594.68 1596.688 1598.269 1599.216 1599.935 1600.273 1600.459 1600.352 1600.029 1599.66 1599.302 1598.939
1644.713 1643.134 1641.565 1639.688 1638.135 1636.737 1635.277 1631.913 1627.338 1621.169 1618.303 1614.773 1611.952 1609.755 1607.599 1604.97 1601.629 1598.429 1596.956 1596.616 1596.408 1596.115 1595.84 1595.28 1593.951 1591.702 1586.885 1585.261 1584.52 1584.269 1584.122 1584.024 1583.719 1583.278 1582.902 1582.541 1582.13 1581.911 1581.916 1582.267 1583.364 1584.856 1586.743 1588.856 1589.426 1589.566 1588.686 1586.738 1583.99 1580.951 1577.917 1574.753 1571.584 1568.571 1565.902 1564.895 1567.54 1571.411 1574.333 1576.744 1583.403 1587.167 1590.372 1593.265 1595.878 1597.883 1599.238 1600.356 1601.406 1602.126 1602.532 1602.642 1602.425 1602.222 1601.84 1601.402 1601.11
1644.544 1643.011 1641.452 1639.788 1638.364 1636.752 1635.131 1632.401 1628.653 1622.725 1619.644 1616.446 1613.601 1611.384 1609.379 1606.015 1601.542 1598.304 1596.754 1595.655 1594.98 1594.718 1594.465 1594.031 1593.322 1591.938 1588.193 1587.418 1587.161 1587.002 1586.784 1586.4 1585.882 1585.586 1585.24 1584.74 1583.826 1582.685 1581.65 1581.125 1581.638 1582.957 1583.946 1584.596 1584.988 1585.229 1584.965 1583.108 1580.436 1577.49 1574.833 1571.923 1568.786 1566.27 1565.934 1568.991 1572.877 1575.559 1577.939 1580.706 1587.104 1590.454 1593.493 1596.284 1598.514 1600.222 1601.526 1602.529 1603.292 1603.944 1604.668 1604.741 1604.642 1604.367 1604.005 1603.577 1603.067
1644.368 1642.817 1641.204 1639.707 1638.135 1636.563 1634.995 1632.491 1629.151 1623.812 1621.016 1617.819 1614.748 1612.579 1610.391 1606.695 1602.349 1599.392 1597.57 1596.296 1595.19 1594.573 1594.841 1595.085 1594.896 1594.663 1592.672 1591.959 1591.428 1590.972 1590.455 1589.831 1589.081 1588.338 1587.678 1586.598 1585.447 1584.416 1583.202 1581.555 1580.072 1579.767 1579.294 1579.401 1579.877 1580.092 1579.657 1578.373 1576.258 1573.704 1571.32 1568.716 1566.597 1566.849 1570.002 1573.856 1576.203 1578.458 1581.052 1583.919 1590.201 1593.588 1596.654 1598.958 1600.758 1602.37 1603.746 1604.841 1605.724 1606.334 1606.578 1606.666 1606.68 1606.571 1606.241 1605.748 1605.195
1644.097 1642.564 1641.028 1639.364 1637.781 1636.138 1634.287 1632.032 1629.352 1624.258 1621.702 1618.703 1615.671 1613.197 1610.936 1607.47 1603.009 1599.483 1597.337 1595.955 1595.212 1595.493 1596.429 1597.272 1597.565 1597.373 1596.825 1596.374 1595.947 1595.32 1594.427 1593.478 1592.474 1591.397 1590.35 1589.004 1587.458 1586.047 1584.839 1583.542 1581.588 1578.542 1575.525 1574.03 1574.208 1574.766 1574.956 1574.239 1572.558 1570.436 1568.424 1567.066 1567.379 1569.865 1573.286 1575.915 1578.361 1580.873 1583.425 1586.405 1593.075 1596.305 1599.004 1601.12 1602.913 1604.536 1605.911 1607.008 1607.896 1608.504 1608.746 1608.831 1608.769 1608.621 1608.362 1607.894 1607.24
1643.872 1642.255 1640.572 1638.913 1637.241 1635.593 1633.676 1631.453 1629.024 1624.298 1621.83 1618.868 1615.755 1613.12 1610.654 1607.114 1602.632 1598.939 1596.884 1596.228 1596.842 1597.743 1598.55 1599.323 1599.882 1600.075 1600.016 1599.85 1599.644 1599.092 1598.103 1597.012 1596.049 1594.888 1593.29 1591.643 1589.9 1588.12 1586.494 1584.949 1583.007 1580.004 1576.25 1572.506 1572.25 1572.082 1571.827 1571.083 1569.581 1567.982 1567.678 1568.172 1569.589 1572.03 1574.713 1577.432 1580.155 1582.716 1585.409 1588.461 1595.345 1598.43 1600.669 1602.752 1604.796 1606.522 1607.86 1609.078 1610.123 1610.604 1610.674 1610.662 1610.583 1610.578 1610.421 1609.917 1609.131
1643.48 1641.766 1639.999 1638.315 1636.601 1634.929 1632.938 1630.69 1628.396 1624.054 1621.706 1618.521 1615.191 1612.427 1609.919 1606.435 1602.068 1598.754 1597.708 1598.422 1599.602 1600.736 1601.695 1602.43 1602.994 1603.333 1603.183 1602.963 1602.52 1601.79 1600.887 1600.007 1599.107 1598.016 1596.379 1594.451 1592.402 1590.434 1588.511 1586.473 1584.162 1581.199 1577.996 1573.785 1572.543 1571.293 1570.18 1569.271 1568.629 1569.276 1569.777 1570.177 1571.208 1573.152 1575.779 1578.629 1581.638 1584.505 1587.331 1590.481 1597.042 1599.882 1602.399 1604.61 1606.642 1608.554 1609.99 1610.816 1611.332 1611.697 1611.775 1611.77 1611.759 1611.855 1611.782 1611.409 1610.8
1642.975 1641.102 1639.188 1637.459 1635.818 1634.061 1631.94 1629.572 1627.407 1623.406 1620.88 1617.414 1613.962 1611.293 1609.151 1606.607 1603.408 1601.09 1601.325 1602.273 1603.381 1604.541 1605.464 1606.147 1606.71 1606.958 1606.553 1606.175 1605.373 1604.486 1603.564 1602.454 1601.322 1600.167 1598.892 1597.181 1595.087 1592.812 1590.382 1587.984 1585.737 1582.891 1579.773 1574.959 1573.24 1571.438 1569.843 1569.387 1570.732 1572.656 1573.156 1572.268 1571.979 1573.5 1576.218 1579.393 1582.898 1586.051 1589.007 1592.178 1598.611 1601.219 1603.914 1606.323 1608.413 1610.083 1611.127 1611.776 1612.376 1612.817 1612.905 1612.895 1612.798 1613.066 1613.138 1612.739 1612.102
1642.226 1640.156 1638.182 1636.442 1634.748 1632.815 1630.511 1628.09 1625.932 1621.98 1619.033 1615.556 1612.318 1609.894 1608.181 1606.763 1605.553 1605.062 1605.633 1606.442 1607.423 1608.527 1609.365 1610.037 1610.514 1610.48 1609.995 1609.236 1608.234 1607.158 1606.031 1604.768 1603.36 1602.08 1600.684 1599.315 1597.56 1594.975 1592.025 1589.273 1586.564 1583.883 1580.963 1575.764 1573.816 1571.616 1570.208 1571.162 1573.333 1574.375 1574.493 1573.841 1572.871 1573.331 1576.342 1580.436 1584.052 1587.143 1590.146 1593.372 1599.501 1602.329 1605.17 1607.83 1610.001 1611.199 1611.961 1612.725 1613.365 1613.74 1613.878 1613.903 1613.885 1614.248 1614.413 1614.026 1613.308
1641.2 1639.026 1637.001 1635.14 1633.206 1631.108 1628.702 1626.24 1623.996 1619.724 1616.688 1613.251 1610.165 1608.607 1607.724 1607.284 1607.661 1608.462 1609.246 1610.225 1611.231 1612.183 1612.94 1613.519 1613.852 1613.799 1613.044 1612.085 1610.857 1609.563 1608.234 1606.852 1605.436 1603.98 1602.44 1600.842 1599.143 1596.757 1593.522 1590.103 1587.111 1584.441 1581.632 1576.074 1573.906 1571.564 1570.794 1572.957 1574.403 1575.355 1575.653 1574.688 1573.403 1573.878 1577.06 1581.572 1585.148 1588.056 1591.012 1594.101 1600.063 1603.156 1606.403 1609.173 1610.882 1611.869 1612.656 1613.462 1614.214 1614.622 1614.567 1614.784 1614.825 1615.318 1615.509 1615.08 1614.399
1640.016 1637.695 1635.644 1633.635 1631.363 1629.084 1626.627 1624.159 1622.116 1618.127 1614.71 1611.455 1609.559 1609.133 1609.344 1609.836 1610.635 1611.572 1612.514 1613.533 1614.649 1615.604 1616.46 1617.135 1617.477 1617.447 1616.061 1614.669 1613.236 1611.779 1610.253 1608.708 1607.084 1605.472 1603.689 1601.852 1599.9 1597.323 1594.084 1590.633 1587.327 1584.418 1581.711 1576.145 1573.531 1571.702 1572.01 1573.827 1575.065 1576.014 1576.088 1575.539 1575.205 1576.168 1578.988 1582.737 1585.848 1588.629 1591.505 1594.379 1600.186 1603.454 1606.71 1609.636 1611.314 1612.396 1613.343 1614.165 1614.932 1615.558 1615.718 1615.885 1615.98 1616.547 1616.775 1616.223 1615.372
1638.533 1636.169 1634.025 1631.741 1629.276 1626.797 1624.312 1622.207 1620.694 1618.002 1615.16 1612.568 1612.059 1612.249 1612.633 1613.348 1614.247 1615.189 1616.231 1617.166 1618.19 1619.195 1620.117 1620.817 1621.172 1621.114 1619.045 1617.167 1615.372 1613.721 1612.077 1610.244 1608.212 1606.406 1604.387 1602.301 1599.957 1597.172 1593.901 1590.333 1586.912 1584.013 1581.323 1575.734 1573.042 1571.88 1573.042 1574.409 1575.517 1576.269 1576.757 1577.439 1578.227 1579.672 1581.972 1583.966 1586.299 1588.95 1591.72 1594.431 1600.124 1603.324 1606.549 1609.135 1611.052 1612.595 1613.89 1614.793 1615.549 1616.382 1616.818 1617.227 1617.474 1617.904 1617.98 1617.491 1616.643
1636.873 1634.428 1632.325 1629.898 1627.25 1624.828 1622.445 1620.974 1620.135 1618.561 1617.686 1616.629 1616.369 1616.418 1616.766 1617.391 1618.097 1618.938 1619.936 1620.752 1621.662 1622.537 1623.312 1623.841 1624 1623.781 1621.507 1619.434 1617.389 1615.463 1613.46 1611.349 1609.205 1606.957 1604.565 1602.235 1599.61 1596.712 1593.455 1589.67 1586.024 1583.389 1580.858 1575.218 1572.906 1572.42 1573.84 1574.957 1575.943 1576.919 1577.883 1579.152 1579.957 1580.988 1582.975 1584.433 1586.344 1588.851 1591.642 1594.423 1600.016 1603.022 1605.955 1608.371 1610.387 1612.024 1613.539 1614.903 1616.091 1617.099 1617.663 1618.391 1618.979 1619.326 1619.201 1618.653 1617.783
1635.436 1633.313 1631.835 1629.955 1626.973 1624.192 1622.253 1621.424 1621.268 1620.999 1620.791 1620.734 1620.642 1620.626 1620.839 1621.236 1621.775 1622.514 1623.36 1624.015 1624.567 1625.129 1625.619 1625.834 1625.662 1625.083 1622.942 1620.972 1618.821 1616.657 1614.451 1612.263 1609.973 1607.478 1604.89 1601.953 1599.122 1596.151 1592.648 1588.765 1585.193 1582.704 1580.256 1574.692 1572.951 1573.167 1574.469 1575.656 1576.576 1577.787 1578.829 1579.726 1580.487 1581.587 1583.131 1584.362 1586.053 1588.525 1591.371 1594.319 1599.911 1602.524 1605.148 1607.427 1609.511 1611.079 1612.459 1613.784 1615.108 1616.629 1618.06 1619.066 1619.96 1620.48 1620.526 1620.063 1619.066
1634.998 1633.434 1632.565 1631.122 1628.75 1625.815 1624.31 1623.793 1623.608 1623.709 1623.843 1623.831 1624.041 1624.141 1624.362 1624.741 1625.151 1625.634 1626.185 1626.787 1627.068 1627.422 1627.593 1627.324 1626.771 1625.993 1623.569 1622.061 1619.941 1617.53 1615.206 1612.906 1610.477 1607.865 1604.919 1601.775 1598.723 1595.474 1591.783 1587.968 1584.665 1582.124 1579.55 1574.321 1573.257 1574.134 1575.418 1576.542 1577.796 1578.978 1580.082 1580.661 1580.964 1581.78 1583.103 1584.229 1585.597 1588.103 1590.961 1594.02 1599.604 1601.818 1604.067 1606.334 1608.472 1610.298 1611.921 1613.463 1615.028 1616.726 1618.381 1619.675 1620.813 1621.697 1621.947 1621.459 1620.533
1638.344 1636.361 1634.741 1633.495 1632.235 1631.188 1630.383 1629.843 1629.414 1629.41 1629.605 1629.752 1630.238 1630.65 1631.012 1631.465 1631.797 1631.916 1632.084 1632.074 1631.752 1631.312 1630.567 1629.528 1628.252 1626.807 1624.433 1623.146 1621.107 1618.607 1616.027 1613.476 1610.876 1607.833 1604.414 1601.026 1597.597 1593.959 1590.143 1586.581 1583.638 1581.005 1578.608 1574.752 1575.114 1576.92 1578.992 1581.101 1582.645 1583.622 1583.614 1582.876 1581.974 1581.851 1582.713 1583.615 1584.76 1586.571 1589.151 1591.953 1596.891 1598.981 1601.161 1603.419 1605.927 1608.35 1610.46 1612.377 1614.353 1616.388 1618.198 1619.818 1621.498 1622.954 1623.847 1624.04 1623.641
1641.202 1639.117 1637.349 1635.933 1634.705 1633.781 1632.997 1632.484 1632.189 1632.314 1632.593 1632.868 1633.28 1633.699 1634.072 1634.421 1634.61 1634.585 1634.519 1634.186 1633.34 1632.453 1631.441 1630.189 1628.699 1627.256 1624.938 1623.35 1621.209 1618.708 1615.959 1613.197 1610.538 1607.328 1603.728 1600.33 1596.83 1593.036 1589.173 1585.755 1583.009 1580.412 1578.165 1575.333 1576.351 1578.56 1581.212 1583.67 1584.983 1585.373 1585.217 1583.923 1582.561 1582.38 1582.96 1583.48 1584.256 1585.607 1587.939 1590.505 1595.112 1597.121 1599.141 1601.7 1604.383 1606.964 1609.297 1611.357 1613.367 1615.534 1617.674 1619.486 1621.384 1622.992 1624.124 1624.773 1624.758
