test_to_experiment/lc3_10m_dem.asc
ncols         382
nrows         469
xllcorner     -104.72675925897
yllcorner     32.212685184295
cellsize      9.7990225000006e-05
NODATA_value  -9999
[rows 68 to 101 of 469, columns 154 to 230 of 382]
-9999 -9999 -9999 -9999 -9999 -9999 -9999 -9999 -9999 -9999 -9999 -9999 -9999 -9999 -9999 -9999 -9999 -9999 -9999 -9999 -9999 -9999 -9999 -9999 -9999 -9999 -9999 -9999 -9999 -9999 -9999 -9999 -9999 -9999 -9999 -9999 -9999 -9999 -9999 -9999 -9999 -9999 -9999 -9999 -9999 -9999 -9999 -9999 -9999 -9999 -9999 -9999 -9999 -9999 -9999 -9999 -9999 -9999 -9999 -9999 -9999 -9999 -9999 -9999 -9999 -9999 -9999 -9999 -9999 1605.561 1603.465 1600.001 1595.302 1590.933 1587.371 1583.993 1580.694
-9999 -9999 -9999 -9999 -9999 -9999 -9999 -9999 -9999 -9999 -9999 -9999 -9999 -9999 -9999 -9999 -9999 -9999 -9999 -9999 -9999 -9999 -9999 -9999 -9999 -9999 -9999 -9999 -9999 -9999 -9999 -9999 -9999 -9999 -9999 -9999 -9999 -9999 -9999 -9999 -9999 -9999 -9999 -9999 -9999 -9999 -9999 -9999 -9999 -9999 -9999 -9999 -9999 -9999 -9999 -9999 -9999 -9999 -9999 -9999 -9999 -9999 -9999 -9999 -9999 -9999 -9999 -9999 -9999 1606.967 1604.062 1600.008 1595.312 1591.271 1588.021 1584.892 1581.694
-9999 -9999 -9999 -9999 -9999 -9999 -9999 -9999 -9999 -9999 -9999 -9999 -9999 -9999 -9999 -9999 -9999 -9999 -9999 -9999 -9999 -9999 -9999 -9999 -9999 -9999 -9999 -9999 -9999 -9999 -9999 -9999 -9999 -9999 -9999 -9999 -9999 -9999 -9999 -9999 -9999 -9999 -9999 -9999 -9999 -9999 -9999 -9999 -9999 -9999 -9999 -9999 -9999 -9999 -9999 -9999 -9999 -9999 -9999 -9999 -9999 -9999 -9999 -9999 -9999 -9999 -9999 -9999 1610.341 1607.683 1604.099 1600.049 1595.92 1592.167 1589.122 1586.471 1583.659
-9999 -9999 -9999 -9999 -9999 -9999 -9999 -9999 -9999 -9999 -9999 -9999 -9999 -9999 -9999 -9999 -9999 -9999 -9999 -9999 -9999 -9999 -9999 -9999 -9999 -9999 -9999 -9999 -9999 -9999 -9999 -9999 -9999 -9999 -9999 -9999 -9999 -9999 -9999 -9999 -9999 -9999 -9999 -9999 -9999 -9999 -9999 -9999 -9999 -9999 -9999 -9999 -9999 -9999 -9999 -9999 -9999 -9999 -9999 -9999 -9999 -9999 -9999 -9999 -9999 -9999 -9999 1611.849 1610.476 1607.867 1604.25 1600.735 1597.332 1593.886 1590.912 1588.556 1586.275
-9999 -9999 -9999 -9999 -9999 -9999 -9999 -9999 -9999 -9999 -9999 -9999 -9999 -9999 -9999 -9999 -9999 -9999 -9999 -9999 -9999 -9999 -9999 -9999 -9999 -9999 -9999 -9999 -9999 -9999 -9999 -9999 -9999 -9999 -9999 -9999 -9999 -9999 -9999 -9999 -9999 -9999 -9999 -9999 -9999 -9999 -9999 -9999 -9999 -9999 -9999 -9999 -9999 -9999 -9999 -9999 -9999 -9999 -9999 -9999 -9999 -9999 -9999 -9999 -9999 -9999 -9999 1612.183 1610.259 1607.864 1604.795 1601.871 1599.07 1596.149 1593.246 1590.7 1588.583
-9999 -9999 -9999 -9999 -9999 -9999 -9999 -9999 -9999 -9999 -9999 -9999 -9999 -9999 -9999 -9999 -9999 -9999 -9999 -9999 -9999 -9999 -9999 -9999 -9999 -9999 -9999 -9999 -9999 -9999 -9999 -9999 -9999 -9999 -9999 -9999 -9999 -9999 -9999 -9999 -9999 -9999 -9999 -9999 -9999 -9999 -9999 -9999 -9999 -9999 -9999 -9999 -9999 -9999 -9999 -9999 -9999 -9999 -9999 -9999 -9999 -9999 -9999 -9999 -9999 -9999 1614.626 1612.785 1610.245 1607.978 1605.608 1603.254 1600.76 1598.246 1595.554 1592.683 1590.207
-9999 -9999 -9999 -9999 -9999 -9999 -9999 -9999 -9999 -9999 -9999 -9999 -9999 -9999 -9999 -9999 -9999 -9999 -9999 -9999 -9999 -9999 -9999 -9999 -9999 -9999 -9999 -9999 -9999 -9999 -9999 -9999 -9999 -9999 -9999 -9999 -9999 -9999 -9999 -9999 -9999 -9999 -9999 -9999 -9999 -9999 -9999 -9999 -9999 -9999 -9999 -9999 -9999 -9999 -9999 -9999 -9999 -9999 -9999 -9999 -9999 -9999 -9999 -9999 -9999 1616.227 1615.342 1613.469 1610.737 1608.621 1606.479 1604.4 1601.975 1599.454 1596.971 1594.205 1591.341
-9999 -9999 -9999 -9999 -9999 -9999 -9999 -9999 -9999 -9999 -9999 -9999 -9999 -9999 -9999 -9999 -9999 -9999 -9999 -9999 -9999 -9999 -9999 -9999 -9999 -9999 -9999 -9999 -9999 -9999 -9999 -9999 -9999 -9999 -9999 -9999 -9999 -9999 -9999 -9999 -9999 -9999 -9999 -9999 -9999 -9999 -9999 -9999 -9999 -9999 -9999 -9999 -9999 -9999 -9999 -9999 -9999 -9999 -9999 -9999 -9999 -9999 -9999 -9999 1616.815 1616.17 1615.297 1613.635 1611.291 1609.359 1607.157 1604.745 1602.391 1599.882 1597.42 1594.824 1591.843
-9999 -9999 -9999 -9999 -9999 -9999 -9999 -9999 -9999 -9999 -9999 -9999 -9999 -9999 -9999 -9999 -9999 -9999 -9999 -9999 -9999 -9999 -9999 -9999 -9999 -9999 -9999 -9999 -9999 -9999 -9999 -9999 -9999 -9999 -9999 -9999 -9999 -9999 -9999 -9999 -9999 -9999 -9999 -9999 -9999 -9999 -9999 -9999 -9999 -9999 -9999 -9999 -9999 -9999 -9999 -9999 -9999 -9999 -9999 -9999 -9999 -9999 -9999 1617.098 1616.378 1615.736 1614.742 1613.179 1611.345 1609.524 1607.11 1604.183 1601.69 1599.285 1596.85 1594.369 1591.649
-9999 -9999 -9999 -9999 -9999 -9999 -9999 -9999 -9999 -9999 -9999 -9999 -9999 -9999 -9999 -9999 -9999 -9999 -9999 -9999 -9999 -9999 -9999 -9999 -9999 -9999 -9999 -9999 -9999 -9999 -9999 -9999 -9999 -9999 -9999 -9999 -9999 -9999 -9999 -9999 -9999 -9999 -9999 -9999 -9999 -9999 -9999 -9999 -9999 -9999 -9999 -9999 -9999 1628.079 1627.18 1625.967 1624.74 1623.77 1622.976 1622.244 1620.515 1619.3 1617.745 1616.591 1615.96 1615.171 1613.928 1612.367 1610.66 1608.86 1606.252 1603.3 1600.702 1598.191 1595.742 1593.316 1590.811
-9999 -9999 -9999 -9999 -9999 -9999 -9999 -9999 -9999 -9999 -9999 -9999 -9999 -9999 -9999 -9999 -9999 -9999 -9999 -9999 -9999 -9999 -9999 -9999 -9999 -9999 -9999 -9999 -9999 -9999 -9999 -9999 -9999 -9999 -9999 -9999 -9999 -9999 -9999 -9999 -9999 -9999 -9999 -9999 -9999 1631.862 1632.796 1633.019 1632.557 1631.906 1631.009 1629.953 1629.1 1628.409 1627.46 1626.355 1625.248 1623.961 1622.94 1622.209 1620.345 1618.957 1617.325 1616.208 1615.322 1614.255 1612.836 1611.203 1609.54 1607.604 1605.016 1602.381 1599.791 1597.178 1594.743 1592.397 1589.939
-9999 -9999 -9999 -9999 -9999 -9999 -9999 -9999 -9999 -9999 -9999 -9999 -9999 -9999 -9999 -9999 -9999 -9999 -9999 -9999 -9999 -9999 -9999 -9999 -9999 -9999 -9999 -9999 -9999 -9999 -9999 -9999 -9999 -9999 -9999 -9999 -9999 -9999 -9999 -9999 -9999 -9999 -9999 -9999 1633.038 1633.878 1634.381 1634.039 1633.226 1632.193 1631.148 1630.177 1629.266 1628.381 1627.421 1626.257 1624.962 1623.693 1622.676 1621.841 1619.565 1618.06 1616.662 1615.496 1614.337 1612.919 1611.3 1609.716 1608.12 1606.186 1603.886 1601.641 1599.31 1596.805 1594.196 1591.618 1589.141
-9999 -9999 -9999 -9999 -9999 -9999 -9999 -9999 -9999 -9999 -9999 -9999 -9999 -9999 -9999 -9999 -9999 -9999 -9999 -9999 -9999 -9999 -9999 -9999 -9999 -9999 -9999 -9999 -9999 -9999 -9999 -9999 -9999 -9999 -9999 -9999 -9999 -9999 -9999 -9999 -9999 -9999 -9999 1634.02 1634.749 1635.156 1634.88 1634.14 1633.292 1632.096 1630.915 1629.87 1628.898 1628 1627.055 1625.783 1624.203 1623.047 1622.12 1621.048 1618.413 1616.896 1615.55 1614.247 1612.901 1611.294 1609.688 1608.245 1606.685 1604.936 1603.087 1601.163 1599.255 1596.891 1593.87 1590.887 1588.342
-9999 -9999 -9999 -9999 -9999 -9999 -9999 -9999 -9999 -9999 -9999 -9999 -9999 -9999 -9999 -9999 -9999 -9999 -9999 -9999 -9999 -9999 -9999 -9999 -9999 -9999 -9999 -9999 -9999 -9999 -9999 -9999 -9999 -9999 -9999 -9999 -9999 -9999 -9999 -9999 -9999 -9999 1634.521 1635.416 1635.687 1635.224 1634.447 1633.581 1632.608 1631.454 1630.245 1629.154 1628.167 1627.167 1626.08 1624.82 1623.376 1622.166 1621.024 1619.724 1616.785 1615.435 1614.114 1612.717 1611.169 1609.651 1608.213 1606.795 1605.344 1603.804 1602.248 1600.692 1599.275 1597.058 1593.869 1590.642 1587.816
-9999 -9999 -9999 -9999 -9999 -9999 -9999 -9999 -9999 -9999 -9999 -9999 -9999 -9999 -9999 -9999 -9999 -9999 -9999 -9999 -9999 -9999 -9999 -9999 -9999 -9999 -9999 -9999 -9999 -9999 -9999 -9999 -9999 -9999 -9999 -9999 -9999 -9999 -9999 -9999 -9999 1635.89 1636.288 1635.414 1635.166 1634.55 1633.702 1632.856 1631.65 1630.446 1629.277 1628.159 1627.104 1626.018 1624.837 1623.52 1622.186 1620.888 1619.477 1617.966 1615.075 1613.733 1612.333 1610.985 1609.495 1608.078 1606.762 1605.379 1603.959 1602.613 1601.269 1599.981 1598.873 1596.641 1593.519 1590.472 1587.416
-9999 -9999 -9999 -9999 -9999 -9999 -9999 -9999 -9999 -9999 -9999 -9999 -9999 -9999 -9999 -9999 -9999 -9999 -9999 -9999 -9999 -9999 -9999 -9999 -9999 -9999 -9999 -9999 -9999 -9999 -9999 -9999 -9999 -9999 -9999 -9999 -9999 -9999 -9999 -9999 -9999 1636.121 1635.684 1634.348 1633.714 1632.971 1631.979 1630.749 1629.494 1628.238 1627.048 1625.915 1624.695 1623.434 1622.252 1620.751 1619.012 1617.278 1615.745 1614.309 1611.566 1610.205 1608.84 1607.461 1606.103 1604.727 1603.403 1602.135 1600.883 1599.676 1598.41 1597.098 1595.503 1593.611 1591.523 1589.183 1586.445
-9999 -9999 -9999 -9999 -9999 -9999 -9999 -9999 -9999 -9999 -9999 -9999 -9999 -9999 -9999 -9999 -9999 -9999 -9999 -9999 -9999 -9999 -9999 -9999 -9999 -9999 -9999 -9999 -9999 -9999 -9999 -9999 -9999 -9999 -9999 -9999 -9999 -9999 -9999 -9999 1636.834 1636.331 1635.424 1633.771 1633.228 1632.303 1631.146 1629.824 1628.479 1627.203 1625.989 1624.759 1623.55 1622.358 1620.907 1619.057 1617.079 1615.48 1614.024 1612.627 1609.87 1608.475 1607.08 1605.694 1604.208 1602.879 1601.61 1600.341 1599.135 1597.896 1596.48 1594.986 1593.387 1591.623 1589.665 1587.552 1585.079
-9999 -9999 -9999 -9999 -9999 -9999 -9999 -9999 -9999 -9999 -9999 -9999 -9999 -9999 -9999 -9999 -9999 -9999 -9999 -9999 -9999 -9999 -9999 -9999 -9999 -9999 -9999 1638.948 1639.139 1639.392 1639.495 -9999 1638.912 1638.768 1638.578 1638.524 1638.32 1638.11 -9999 1637.757 1637.434 1636.737 1635.474 1633.591 1632.705 1631.5 1630.126 1628.773 1627.434 1626.095 1624.766 1623.467 1622.133 1620.657 1619.108 1617.133 1615.422 1613.788 1612.341 1611.014 1608.28 1606.936 1605.52 1603.885 1602.516 1601.148 1599.859 1598.636 1597.393 1596.03 1594.573 1592.997 1591.378 1589.734 1587.923 1585.882 1583.526
-9999 -9999 -9999 -9999 -9999 -9999 -9999 -9999 -9999 -9999 -9999 -9999 -9999 -9999 -9999 -9999 -9999 -9999 -9999 -9999 -9999 1638.546 1638.494 1638.476 1638.64 1638.858 1639.552 1639.763 1640.073 1640.406 1640.422 1640.267 1640.01 1639.753 1639.425 1639.172 1638.895 1638.658 1638.538 1638.374 1637.878 1636.797 1635.548 1633.38 1632.102 1630.764 1629.429 1628.1 1626.659 1625.188 1623.744 1622.276 1620.709 1619.008 1617.23 1615.405 1613.676 1612.017 1610.608 1609.335 1606.677 1605.375 1603.935 1602.515 1601.033 1599.704 1598.409 1597.073 1595.77 1594.418 1592.961 1591.384 1589.696 1588.004 1586.249 1584.242 1581.817
-9999 -9999 -9999 -9999 -9999 -9999 -9999 -9999 -9999 -9999 -9999 -9999 -9999 -9999 -9999 -9999 -9999 -9999 -9999 1638.833 1638.851 1638.905 1638.955 1638.995 1639.126 1639.391 1640.032 1640.291 1640.75 1641.208 1641.316 1641.123 1640.853 1640.495 1640.073 1639.667 1639.352 1639.121 1638.944 1638.784 1638.339 1637.055 1635.738 1633.266 1631.779 1630.333 1628.911 1627.377 1625.723 1624.158 1622.643 1621.115 1619.441 1617.565 1615.526 1613.761 1612.071 1610.529 1609.194 1607.953 1605.249 1603.844 1602.358 1601.067 1599.764 1598.664 1597.494 1596.202 1594.74 1593.138 1591.479 1589.887 1588.19 1586.565 1585.046 1583.179 1580.589
-9999 -9999 -9999 -9999 -9999 -9999 -9999 -9999 -9999 -9999 -9999 -9999 -9999 -9999 -9999 1638.265 1638.432 1638.62 1638.703 1638.666 1638.642 1638.725 1638.921 1639.092 1639.114 1639.397 1640.442 1640.792 1641.25 1641.568 1641.734 1641.68 1641.3 1640.97 1640.451 1640 1639.672 1639.44 1639.24 1639.105 1638.82 1637.398 1635.804 1633.333 1631.786 1630.182 1628.508 1626.618 1624.616 1622.91 1621.432 1619.948 1618.308 1616.384 1614.075 1612.123 1610.535 1609.248 1608.119 1606.918 1603.899 1602.349 1600.754 1599.521 1598.637 1597.928 1597.125 1596.006 1594.307 1592.116 1590.097 1588.372 1586.854 1585.497 1584.265 1582.628 1580.042
-9999 -9999 -9999 -9999 -9999 -9999 -9999 -9999 -9999 -9999 -9999 -9999 -9999 1638.317 1638.444 1638.674 1638.86 1638.87 1638.888 1638.839 1638.841 1638.974 1639.135 1639.354 1639.616 1639.631 1640.17 1640.302 1640.439 1640.734 1641.003 1641.347 1641.358 1640.986 1640.649 1640.313 1639.98 1639.616 1639.271 1639.166 1639.285 1637.457 1636.106 1633.524 1631.873 1630.03 1627.858 1625.751 1623.64 1622.084 1620.681 1619.115 1617.11 1614.73 1612.612 1610.889 1609.604 1608.453 1607.199 1605.662 1602.005 1600.571 1599.465 1598.781 1598.318 1597.881 1597.146 1595.781 1593.725 1591.19 1589.09 1587.661 1586.635 1585.626 1584.465 1582.323 1578.785
-9999 -9999 -9999 -9999 -9999 -9999 -9999 -9999 -9999 -9999 -9999 1638.505 1638.751 1639.128 1639.228 1639.19 1639.346 1639.422 1639.332 1638.845 1638.628 1638.904 1639.24 1639.776 1640.514 1640.368 1639.416 1638.572 1638.043 1638.342 1639.379 1640.367 1641.077 1641.29 1640.888 1640.398 1639.9 1639.501 1639.287 1639.065 1638.73 1637.965 1636.739 1633.842 1632.051 1629.929 1627.482 1625.194 1623.172 1621.516 1619.991 1618.113 1615.811 1613.386 1611.274 1610.113 1608.886 1607.627 1606.032 1604.047 1600.337 1599.278 1598.777 1598.383 1598.055 1597.604 1596.784 1595.318 1593.078 1590.608 1588.658 1587.727 1586.869 1586.166 1585.119 1582.188 1578.013
-9999 -9999 -9999 -9999 -9999 -9999 -9999 -9999 -9999 1637.721 1638.199 1638.61 1638.871 1639.225 1639.509 1639.542 1639.572 1639.538 1639.161 1639.105 1638.696 1639.753 1641.203 1641.923 1642.174 1640.29 1636.059 1635.309 1634.972 1635.423 1636.622 1638.44 1640.785 1641.718 1641.414 1640.288 1639.677 1639.524 1639.114 1639.054 1639.524 1638.548 1637.14 1634.152 1632.213 1629.902 1627.265 1624.897 1622.843 1621.107 1619.428 1617.301 1614.773 1612.432 1610.626 1609.32 1608.305 1606.789 1604.737 1602.492 1599.077 1598.491 1597.902 1597.441 1597.133 1596.682 1595.767 1594.25 1592.284 1590.359 1589.147 1588.327 1587.67 1586.648 1585.392 1583.129 1579.524
-9999 -9999 -9999 -9999 -9999 -9999 -9999 1636.236 1636.727 1637.738 1638.235 1638.765 1639.148 1639.475 1639.78 1639.986 1640.06 1640.053 1639.892 1639.366 1640.168 1643.331 1644.624 1642.057 1639.022 1636.772 1633.137 1632.469 1632.371 1632.881 1634.192 1636.298 1639.283 1641.734 1642.509 1640.959 1639.624 1639.413 1639.222 1639.013 1638.908 1638.689 1637.594 1634.434 1632.451 1629.943 1627.34 1624.944 1622.783 1620.875 1619.052 1616.74 1614.111 1611.888 1610.223 1609.028 1607.679 1606.011 1603.672 1601.319 1598.329 1597.598 1597.014 1596.611 1596.005 1595.287 1594.448 1593.178 1591.561 1590.268 1589.273 1588.47 1587.708 1586.807 1585.553 1583.715 1581.342
-9999 -9999 -9999 -9999 -9999 -9999 1635.781 1636.386 1636.854 1637.653 1638.334 1639.067 1639.743 1640.316 1640.697 1640.856 1640.988 1641.353 1641.746 1641.584 1642.821 1642.764 1640.945 1638.754 1636.109 1633.522 1631.096 1630.549 1630.451 1631.146 1632.586 1634.344 1636.209 1638.47 1640.989 1640.967 1639.92 1639.615 1639.619 1639.55 1639.515 1639.246 1638.049 1634.877 1632.841 1630.221 1627.57 1625.015 1622.736 1620.807 1618.787 1616.466 1614.048 1611.844 1610.089 1608.786 1607.362 1605.641 1603.25 1600.779 1597.811 1597.054 1596.397 1595.958 1595.317 1594.628 1593.675 1592.34 1591.18 1590.429 1589.572 1588.551 1587.602 1586.844 1586.096 1584.775 1582.731
-9999 -9999 -9999 -9999 1635.103 1635.447 1635.918 1636.394 1636.839 1637.51 1638.218 1639.26 1641.029 1641.961 1642.039 1642.114 1642.278 1642.71 1643.587 1642.823 1641.353 1639.403 1637.054 1634.728 1632.623 1630.726 1628.151 1627.965 1628.279 1629.089 1630.577 1632.46 1634.608 1637.219 1639.391 1640.232 1640.275 1640.184 1640.2 1640.321 1640.111 1639.613 1638.403 1635.092 1632.982 1630.383 1627.672 1625.154 1622.806 1620.829 1618.804 1616.591 1614.346 1612.172 1610.295 1608.941 1607.448 1605.66 1603.312 1601.004 1597.831 1597.125 1596.658 1596.014 1595.185 1594.151 1593.153 1592.244 1591.317 1590.568 1589.681 1588.654 1587.818 1587.017 1586.262 1585.409 1583.962
-9999 -9999 -9999 1635.34 1635.535 1635.712 1635.972 1636.682 1637.383 1637.35 1637.804 1639.333 1642.192 1643.136 1642.669 1642.536 1642.53 1642.394 1641.56 1640.172 1638.314 1636.172 1634.006 1631.972 1630.065 1628.141 1624.624 1624.318 1625.236 1626.819 1628.718 1630.999 1633.361 1635.695 1637.349 1639.153 1640.262 1640.541 1640.718 1640.732 1640.5 1639.938 1638.777 1635.311 1633.211 1630.553 1627.938 1625.558 1623.251 1621.174 1619.171 1616.958 1614.692 1612.698 1610.965 1609.409 1607.726 1606.016 1603.855 1601.764 1598.601 1597.57 1596.917 1596.183 1595.249 1594.317 1593.178 1592.116 1591.509 1590.643 1589.621 1588.904 1588.125 1587.344 1586.628 1585.903 1584.973
-9999 -9999 1636.269 1636.282 1636.241 1636.266 1636.409 1636.835 1637.386 1637.017 1636.924 1638.676 1640.305 1640.614 1640.504 1640.413 1639.855 1639.099 1638.382 1636.917 1634.997 1633.182 1631.499 1629.696 1627.746 1625.726 1621.69 1621.225 1622.386 1624.591 1627.14 1629.774 1632.286 1634.429 1636.486 1638.328 1639.871 1640.547 1640.565 1640.738 1640.56 1640.165 1638.888 1635.322 1633.264 1630.733 1628.218 1625.851 1623.58 1621.475 1619.47 1617.417 1615.28 1613.327 1611.745 1610.104 1608.607 1606.93 1604.876 1602.861 1599.719 1598.337 1597.297 1596.461 1595.659 1594.673 1593.572 1592.532 1591.469 1590.374 1589.713 1589.023 1588.272 1587.712 1587.158 1586.347 1585.494
-9999 1637.227 1637.209 1637.094 1636.919 1636.884 1636.855 1636.344 1636.145 1635.875 1635.708 1636.389 1636.996 1637.165 1637.139 1636.987 1636.543 1635.777 1634.67 1633.582 1632.141 1630.526 1628.893 1627.159 1625.297 1623.264 1619.718 1619.572 1620.637 1622.754 1625.559 1628.475 1631.162 1633.595 1635.475 1637.249 1638.743 1639.579 1640.096 1640.643 1640.564 1639.882 1638.52 1635.161 1633.188 1630.827 1628.476 1626.052 1623.804 1621.754 1619.763 1617.808 1615.857 1614.098 1612.719 1611.181 1609.688 1608.066 1606.145 1604.118 1600.708 1599.255 1598.008 1597.078 1596.181 1594.995 1593.735 1592.549 1591.293 1590.154 1589.517 1588.953 1588.419 1588.089 1587.53 1586.615 1585.829
1637.592 1637.801 1637.757 1637.526 1637.1 1636.834 1636.512 1635.857 1635.279 1634.36 1634.001 1633.857 1633.658 1633.548 1633.443 1633.281 1633.038 1632.481 1631.657 1630.54 1629.196 1627.673 1626.085 1624.512 1622.773 1620.696 1617.744 1617.814 1619.005 1621.168 1623.979 1627.017 1629.844 1632.296 1634.26 1635.996 1637.227 1638.315 1639.544 1640.335 1640.389 1639.424 1637.994 1634.886 1632.99 1630.748 1628.49 1626.206 1624.097 1622.079 1620.142 1618.238 1616.446 1614.907 1613.519 1612.086 1610.693 1609.306 1607.49 1605.31 1601.147 1599.848 1598.712 1597.618 1596.485 1595.231 1593.786 1592.264 1590.829 1589.704 1589.262 1588.709 1588.517 1588.14 1587.426 1586.708 1586
1638.742 1638.449 1638.082 1637.643 1637.048 1636.275 1635.773 1635.241 1634.43 1632.676 1632.055 1631.196 1630.717 1630.449 1630.215 1629.974 1629.632 1629.143 1628.377 1627.391 1626.164 1624.726 1623.234 1621.734 1620.027 1617.973 1614.319 1614.583 1616.7 1619.685 1622.73 1625.609 1628.379 1630.867 1633.045 1634.764 1636.073 1637.305 1638.504 1639.369 1639.679 1639.019 1637.689 1634.39 1632.597 1630.678 1628.669 1626.408 1624.422 1622.538 1620.705 1618.887 1617.148 1615.517 1613.969 1612.614 1611.349 1610.107 1608.421 1606.1 1601.15 1599.731 1598.563 1597.507 1596.24 1594.886 1593.326 1591.55 1589.96 1588.929 1588.712 1588.425 1588.169 1587.75 1587.14 1586.571 1586.065
1640.285 1639.678 1639.154 1638.63 1637.641 1636.808 1635.815 1634.71 1633.332 1629.305 1626.314 1624.377 1623.61 1623.378 1623.228 1623.08 1622.927 1622.674 1622.238 1621.318 1620.049 1618.541 1617.051 1615.563 1613.909 1612.166 1608.543 1608.95 1612.101 1616.48 1620.436 1623.558 1626.067 1628.388 1630.413 1632.334 1633.894 1635.054 1636.041 1636.887 1637.406 1637.299 1636.367 1633.41 1631.859 1630.281 1628.532 1626.759 1625.311 1623.645 1621.818 1619.93 1617.923 1615.734 1613.624 1612.084 1610.755 1609.438 1607.629 1605.017 1599.796 1598.072 1596.718 1595.318 1593.952 1592.325 1590.405 1588.652 1587.472 1586.974 1587.176 1587.09 1586.823 1586.576 1586.169 1585.707 1585.309
1641.046 1640.309 1639.652 1638.918 1637.977 1636.981 1635.935 1634.704 1633.009 1627.659 1624.412 1622.294 1621.4 1621.099 1620.926 1620.729 1620.257 1619.261 1618.138 1617.226 1616.17 1615.039 1613.924 1612.612 1610.998 1609.4 1606.824 1607.802 1610.872 1615.015 1619.227 1622.629 1625.005 1627.131 1629.19 1630.959 1632.466 1633.807 1634.892 1635.599 1635.976 1636.026 1635.403 1632.863 1631.37 1629.783 1628.173 1626.56 1625.157 1623.598 1621.961 1620.011 1617.711 1615.362 1613.193 1611.458 1609.907 1608.141 1606.017 1603.337 1598.611 1596.725 1595.12 1593.573 1591.862 1590.129 1588.326 1586.974 1586.388 1585.925 1585.998 1585.954 1585.858 1585.647 1585.073 1584.372 1583.629
