last_chance_experiments/case3b_1_uniform_10m_2/output/topographicElevation_0.asc
nrows 600
cellsize 10.0
xllcorner 0.0
ncols 600
yllcorner 0.0
nodata_value -9999
[rows 408 to 441 of 600, columns 385 to 461 of 600]
2.703 2.703 3.114 3.114 3.114 2.877 2.877 2.877 3.089 3.089 3.089 3.312 3.312 3.312 3.549 3.549 3.549 3.807 3.807 3.807 3.596 3.596 3.596 4.267 4.267 4.267 5.133 5.133 5.133 6.633 6.633 6.633 6.742 6.742 6.742 6.977 6.977 6.977 6.861 6.861 6.861 6.925 6.925 6.925 7.236 7.236 7.236 8.736 8.736 8.736 8.506 8.506 8.506 7.756 7.756 7.756 6.592 6.592 6.592 6.217 6.217 6.217 6.531 6.531 6.531 6.466 6.466 6.466 4.966 4.966 4.966 3.905 3.905 3.905 3.039 3.039 3.039
2.703 2.703 3.114 3.114 3.114 2.877 2.877 2.877 3.089 3.089 3.089 3.312 3.312 3.312 3.549 3.549 3.549 3.807 3.807 3.807 3.596 3.596 3.596 4.267 4.267 4.267 5.133 5.133 5.133 6.633 6.633 6.633 6.742 6.742 6.742 6.977 6.977 6.977 6.861 6.861 6.861 6.925 6.925 6.925 7.236 7.236 7.236 8.736 8.736 8.736 8.506 8.506 8.506 7.756 7.756 7.756 6.592 6.592 6.592 6.217 6.217 6.217 6.531 6.531 6.531 6.466 6.466 6.466 4.966 4.966 4.966 3.905 3.905 3.905 3.039 3.039 3.039
2.703 2.703 3.114 3.114 3.114 2.877 2.877 2.877 3.089 3.089 3.089 3.312 3.312 3.312 3.549 3.549 3.549 3.807 3.807 3.807 3.596 3.596 3.596 4.267 4.267 4.267 5.133 5.133 5.133 6.633 6.633 6.633 6.742 6.742 6.742 6.977 6.977 6.977 6.861 6.861 6.861 6.925 6.925 6.925 7.236 7.236 7.236 8.736 8.736 8.736 8.506 8.506 8.506 7.756 7.756 7.756 6.592 6.592 6.592 6.217 6.217 6.217 6.531 6.531 6.531 6.466 6.466 6.466 4.966 4.966 4.966 3.905 3.905 3.905 3.039 3.039 3.039
2.739 2.739 4.239 4.239 4.239 4.377 4.377 4.377 4.589 4.589 4.589 4.812 4.812 4.812 5.049 5.049 5.049 5.307 5.307 5.307 5.096 5.096 5.096 5.767 5.767 5.767 6.633 6.633 6.633 5.653 5.653 5.653 5.242 5.242 5.242 5.477 5.477 5.477 5.361 5.361 5.361 6.412 6.412 6.412 7.162 7.162 7.162 8.223 8.223 8.223 7.006 7.006 7.006 6.256 6.256 6.256 5.531 5.531 5.531 5.156 5.156 5.156 5.031 5.031 5.031 5.170 5.170 5.170 5.017 5.017 5.017 4.628 4.628 4.628 3.128 3.128 3.128
2.739 2.739 4.239 4.239 4.239 4.377 4.377 4.377 4.589 4.589 4.589 4.812 4.812 4.812 5.049 5.049 5.049 5.307 5.307 5.307 5.096 5.096 5.096 5.767 5.767 5.767 6.633 6.633 6.633 5.653 5.653 5.653 5.242 5.242 5.242 5.477 5.477 5.477 5.361 5.361 5.361 6.412 6.412 6.412 7.162 7.162 7.162 8.223 8.223 8.223 7.006 7.006 7.006 6.256 6.256 6.256 5.531 5.531 5.531 5.156 5.156 5.156 5.031 5.031 5.031 5.170 5.170 5.170 5.017 5.017 5.017 4.628 4.628 4.628 3.128 3.128 3.128
2.739 2.739 4.239 4.239 4.239 4.377 4.377 4.377 4.589 4.589 4.589 4.812 4.812 4.812 5.049 5.049 5.049 5.307 5.307 5.307 5.096 5.096 5.096 5.767 5.767 5.767 6.633 6.633 6.633 5.653 5.653 5.653 5.242 5.242 5.242 5.477 5.477 5.477 5.361 5.361 5.361 6.412 6.412 6.412 7.162 7.162 7.162 8.223 8.223 8.223 7.006 7.006 7.006 6.256 6.256 6.256 5.531 5.531 5.531 5.156 5.156 5.156 5.031 5.031 5.031 5.170 5.170 5.170 5.017 5.017 5.017 4.628 4.628 4.628 3.128 3.128 3.128
4.239 4.239 4.369 4.369 4.369 4.473 4.473 4.473 4.581 4.581 4.581 4.691 4.691 4.691 4.805 4.805 4.805 4.922 4.922 4.922 5.045 5.045 5.045 5.173 5.173 5.173 5.304 5.304 5.304 4.153 4.153 4.153 4.182 4.182 4.182 4.416 4.416 4.416 4.300 4.300 4.300 4.912 4.912 4.912 5.662 5.662 5.662 6.723 6.723 6.723 5.945 5.945 5.945 5.195 5.195 5.195 4.665 4.665 4.665 4.290 4.290 4.290 3.970 3.970 3.970 3.670 3.670 3.670 3.517 3.517 3.517 3.366 3.366 3.366 3.217 3.217 3.217
4.239 4.239 4.369 4.369 4.369 4.473 4.473 4.473 4.581 4.581 4.581 4.691 4.691 4.691 4.805 4.805 4.805 4.922 4.922 4.922 5.045 5.045 5.045 5.173 5.173 5.173 5.304 5.304 5.304 4.153 4.153 4.153 4.182 4.182 4.182 4.416 4.416 4.416 4.300 4.300 4.300 4.912 4.912 4.912 5.662 5.662 5.662 6.723 6.723 6.723 5.945 5.945 5.945 5.195 5.195 5.195 4.665 4.665 4.665 4.290 4.290 4.290 3.970 3.970 3.970 3.670 3.670 3.670 3.517 3.517 3.517 3.366 3.366 3.366 3.217 3.217 3.217
4.239 4.239 4.369 4.369 4.369 4.473 4.473 4.473 4.581 4.581 4.581 4.691 4.691 4.691 4.805 4.805 4.805 4.922 4.922 4.922 5.045 5.045 5.045 5.173 5.173 5.173 5.304 5.304 5.304 4.153 4.153 4.153 4.182 4.182 4.182 4.416 4.416 4.416 4.300 4.300 4.300 4.912 4.912 4.912 5.662 5.662 5.662 6.723 6.723 6.723 5.945 5.945 5.945 5.195 5.195 5.195 4.665 4.665 4.665 4.290 4.290 4.290 3.970 3.970 3.970 3.670 3.670 3.670 3.517 3.517 3.517 3.366 3.366 3.366 3.217 3.217 3.217
3.205 3.205 2.869 2.869 2.869 2.973 2.973 2.973 3.081 3.081 3.081 3.191 3.191 3.191 3.305 3.305 3.305 3.422 3.422 3.422 3.545 3.545 3.545 3.673 3.673 3.673 3.804 3.804 3.804 3.092 3.092 3.092 3.316 3.316 3.316 3.550 3.550 3.550 3.800 3.800 3.800 4.666 4.666 4.666 5.727 5.727 5.727 7.227 7.227 7.227 7.445 7.445 7.445 6.695 6.695 6.695 5.415 5.415 5.415 5.350 5.350 5.350 5.351 5.351 5.351 3.851 3.851 3.851 5.017 5.017 5.017 4.866 4.866 4.866 3.618 3.618 3.618
3.205 3.205 2.869 2.869 2.869 2.973 2.973 2.973 3.081 3.081 3.081 3.191 3.191 3.191 3.305 3.305 3.305 3.422 3.422 3.422 3.545 3.545 3.545 3.673 3.673 3.673 3.804 3.804 3.804 3.092 3.092 3.092 3.316 3.316 3.316 3.550 3.550 3.550 3.800 3.800 3.800 4.666 4.666 4.666 5.727 5.727 5.727 7.227 7.227 7.227 7.445 7.445 7.445 6.695 6.695 6.695 5.415 5.415 5.415 5.350 5.350 5.350 5.351 5.351 5.351 3.851 3.851 3.851 5.017 5.017 5.017 4.866 4.866 4.866 3.618 3.618 3.618
3.205 3.205 2.869 2.869 2.869 2.973 2.973 2.973 3.081 3.081 3.081 3.191 3.191 3.191 3.305 3.305 3.305 3.422 3.422 3.422 3.545 3.545 3.545 3.673 3.673 3.673 3.804 3.804 3.804 3.092 3.092 3.092 3.316 3.316 3.316 3.550 3.550 3.550 3.800 3.800 3.800 4.666 4.666 4.666 5.727 5.727 5.727 7.227 7.227 7.227 7.445 7.445 7.445 6.695 6.695 6.695 5.415 5.415 5.415 5.350 5.350 5.350 5.351 5.351 5.351 3.851 3.851 3.851 5.017 5.017 5.017 4.866 4.866 4.866 3.618 3.618 3.618
1.705 1.705 1.808 1.808 1.808 1.913 1.913 1.913 2.020 2.020 2.020 2.131 2.131 2.131 2.244 2.244 2.244 2.362 2.362 2.362 2.484 2.484 2.484 2.612 2.612 2.612 2.743 2.743 2.743 2.876 2.876 2.876 4.376 4.376 4.376 5.050 5.050 5.050 4.113 4.113 4.113 5.613 5.613 5.613 6.705 6.705 6.705 7.179 7.179 7.179 7.792 7.792 7.792 7.781 7.781 7.781 6.281 6.281 6.281 6.850 6.850 6.850 5.534 5.534 5.534 4.034 4.034 4.034 5.534 5.534 5.534 5.534 5.534 5.534 4.034 4.034 4.034
1.705 1.705 1.808 1.808 1.808 1.913 1.913 1.913 2.020 2.020 2.020 2.131 2.131 2.131 2.244 2.244 2.244 2.362 2.362 2.362 2.484 2.484 2.484 2.612 2.612 2.612 2.743 2.743 2.743 2.876 2.876 2.876 4.376 4.376 4.376 5.050 5.050 5.050 4.113 4.113 4.113 5.613 5.613 5.613 6.705 6.705 6.705 7.179 7.179 7.179 7.792 7.792 7.792 7.781 7.781 7.781 6.281 6.281 6.281 6.850 6.850 6.850 5.534 5.534 5.534 4.034 4.034 4.034 5.534 5.534 5.534 5.534 5.534 5.534 4.034 4.034 4.034
1.705 1.705 1.808 1.808 1.808 1.913 1.913 1.913 2.020 2.020 2.020 2.131 2.131 2.131 2.244 2.244 2.244 2.362 2.362 2.362 2.484 2.484 2.484 2.612 2.612 2.612 2.743 2.743 2.743 2.876 2.876 2.876 4.376 4.376 4.376 5.050 5.050 5.050 4.113 4.113 4.113 5.613 5.613 5.613 6.705 6.705 6.705 7.179 7.179 7.179 7.792 7.792 7.792 7.781 7.781 7.781 6.281 6.281 6.281 6.850 6.850 6.850 5.534 5.534 5.534 4.034 4.034 4.034 5.534 5.534 5.534 5.534 5.534 5.534 4.034 4.034 4.034
2.571 2.571 2.869 2.869 2.869 2.413 2.413 2.413 2.550 2.550 2.550 2.698 2.698 2.698 2.775 2.775 2.775 2.862 2.862 2.862 2.917 2.917 2.917 4.112 4.112 4.112 4.243 4.243 4.243 3.045 3.045 3.045 4.545 4.545 4.545 5.940 5.940 5.940 4.440 4.440 4.440 4.804 4.804 4.804 5.205 5.205 5.205 5.679 5.679 5.679 6.292 6.292 6.292 7.792 7.792 7.792 7.781 7.781 7.781 6.782 6.782 6.782 5.282 5.282 5.282 4.221 4.221 4.221 5.721 5.721 5.721 6.008 6.008 6.008 4.508 4.508 4.508
2.571 2.571 2.869 2.869 2.869 2.413 2.413 2.413 2.550 2.550 2.550 2.698 2.698 2.698 2.775 2.775 2.775 2.862 2.862 2.862 2.917 2.917 2.917 4.112 4.112 4.112 4.243 4.243 4.243 3.045 3.045 3.045 4.545 4.545 4.545 5.940 5.940 5.940 4.440 4.440 4.440 4.804 4.804 4.804 5.205 5.205 5.205 5.679 5.679 5.679 6.292 6.292 6.292 7.792 7.792 7.792 7.781 7.781 7.781 6.782 6.782 6.782 5.282 5.282 5.282 4.221 4.221 4.221 5.721 5.721 5.721 6.008 6.008 6.008 4.508 4.508 4.508
2.571 2.571 2.869 2.869 2.869 2.413 2.413 2.413 2.550 2.550 2.550 2.698 2.698 2.698 2.775 2.775 2.775 2.862 2.862 2.862 2.917 2.917 2.917 4.112 4.112 4.112 4.243 4.243 4.243 3.045 3.045 3.045 4.545 4.545 4.545 5.940 5.940 5.940 4.440 4.440 4.440 4.804 4.804 4.804 5.205 5.205 5.205 5.679 5.679 5.679 6.292 6.292 6.292 7.792 7.792 7.792 7.781 7.781 7.781 6.782 6.782 6.782 5.282 5.282 5.282 4.221 4.221 4.221 5.721 5.721 5.721 6.008 6.008 6.008 4.508 4.508 4.508
3.632 3.632 4.369 4.369 4.369 2.943 2.943 2.943 3.117 3.117 3.117 3.310 3.310 3.310 3.342 3.342 3.342 3.392 3.392 3.392 3.369 3.369 3.369 4.869 4.869 4.869 4.718 4.718 4.718 3.218 3.218 3.218 4.278 4.278 4.278 5.778 5.778 5.778 5.501 5.501 5.501 5.865 5.865 5.865 6.265 6.265 6.265 6.740 6.740 6.740 7.158 7.158 7.158 8.658 8.658 8.658 7.842 7.842 7.842 6.342 6.342 6.342 5.281 5.281 5.281 4.415 4.415 4.415 5.915 5.915 5.915 6.575 6.575 6.575 5.075 5.075 5.075
3.632 3.632 4.369 4.369 4.369 2.943 2.943 2.943 3.117 3.117 3.117 3.310 3.310 3.310 3.342 3.342 3.342 3.392 3.392 3.392 3.369 3.369 3.369 4.869 4.869 4.869 4.718 4.718 4.718 3.218 3.218 3.218 4.278 4.278 4.278 5.778 5.778 5.778 5.501 5.501 5.501 5.865 5.865 5.865 6.265 6.265 6.265 6.740 6.740 6.740 7.158 7.158 7.158 8.658 8.658 8.658 7.842 7.842 7.842 6.342 6.342 6.342 5.281 5.281 5.281 4.415 4.415 4.415 5.915 5.915 5.915 6.575 6.575 6.575 5.075 5.075 5.075
3.632 3.632 4.369 4.369 4.369 2.943 2.943 2.943 3.117 3.117 3.117 3.310 3.310 3.310 3.342 3.342 3.342 3.392 3.392 3.392 3.369 3.369 3.369 4.869 4.869 4.869 4.718 4.718 4.718 3.218 3.218 3.218 4.278 4.278 4.278 5.778 5.778 5.778 5.501 5.501 5.501 5.865 5.865 5.865 6.265 6.265 6.265 6.740 6.740 6.740 7.158 7.158 7.158 8.658 8.658 8.658 7.842 7.842 7.842 6.342 6.342 6.342 5.281 5.281 5.281 4.415 4.415 4.415 5.915 5.915 5.915 6.575 6.575 6.575 5.075 5.075 5.075
5.132 5.132 5.010 5.010 5.010 3.510 3.510 3.510 3.730 3.730 3.730 3.981 3.981 3.981 3.954 3.954 3.954 3.959 3.959 3.959 3.869 3.869 3.869 5.369 5.369 5.369 4.894 4.894 4.894 3.394 3.394 3.394 4.455 4.455 4.455 5.955 5.955 5.955 7.001 7.001 7.001 7.365 7.365 7.365 7.765 7.765 7.765 8.240 8.240 8.240 8.658 8.658 8.658 8.794 8.794 8.794 7.294 7.294 7.294 6.233 6.233 6.233 5.367 5.367 5.367 4.617 4.617 4.617 6.117 6.117 6.117 7.325 7.325 7.325 5.825 5.825 5.825
5.132 5.132 5.010 5.010 5.010 3.510 3.510 3.510 3.730 3.730 3.730 3.981 3.981 3.981 3.954 3.954 3.954 3.959 3.959 3.959 3.869 3.869 3.869 5.369 5.369 5.369 4.894 4.894 4.894 3.394 3.394 3.394 4.455 4.455 4.455 5.955 5.955 5.955 7.001 7.001 7.001 7.365 7.365 7.365 7.765 7.765 7.765 8.240 8.240 8.240 8.658 8.658 8.658 8.794 8.794 8.794 7.294 7.294 7.294 6.233 6.233 6.233 5.367 5.367 5.367 4.617 4.617 4.617 6.117 6.117 6.117 7.325 7.325 7.325 5.825 5.825 5.825
5.132 5.132 5.010 5.010 5.010 3.510 3.510 3.510 3.730 3.730 3.730 3.981 3.981 3.981 3.954 3.954 3.954 3.959 3.959 3.959 3.869 3.869 3.869 5.369 5.369 5.369 4.894 4.894 4.894 3.394 3.394 3.394 4.455 4.455 4.455 5.955 5.955 5.955 7.001 7.001 7.001 7.365 7.365 7.365 7.765 7.765 7.765 8.240 8.240 8.240 8.658 8.658 8.658 8.794 8.794 8.794 7.294 7.294 7.294 6.233 6.233 6.233 5.367 5.367 5.367 4.617 4.617 4.617 6.117 6.117 6.117 7.325 7.325 7.325 5.825 5.825 5.825
5.472 5.472 5.681 5.681 5.681 4.181 4.181 4.181 4.400 4.400 4.400 4.731 4.731 4.731 4.625 4.625 4.625 4.571 4.571 4.571 4.436 4.436 4.436 5.936 5.936 5.936 5.076 5.076 5.076 3.576 3.576 3.576 5.076 5.076 5.076 5.691 5.691 5.691 5.932 5.932 5.932 6.193 6.193 6.193 6.467 6.467 6.467 7.137 7.137 7.137 8.003 8.003 8.003 8.716 8.716 8.716 7.850 7.850 7.850 7.179 7.179 7.179 6.332 6.332 6.332 4.832 4.832 4.832 5.892 5.892 5.892 7.392 7.392 7.392 6.886 6.886 6.886
5.472 5.472 5.681 5.681 5.681 4.181 4.181 4.181 4.400 4.400 4.400 4.731 4.731 4.731 4.625 4.625 4.625 4.571 4.571 4.571 4.436 4.436 4.436 5.936 5.936 5.936 5.076 5.076 5.076 3.576 3.576 3.576 5.076 5.076 5.076 5.691 5.691 5.691 5.932 5.932 5.932 6.193 6.193 6.193 6.467 6.467 6.467 7.137 7.137 7.137 8.003 8.003 8.003 8.716 8.716 8.716 7.850 7.850 7.850 7.179 7.179 7.179 6.332 6.332 6.332 4.832 4.832 4.832 5.892 5.892 5.892 7.392 7.392 7.392 6.886 6.886 6.886
5.472 5.472 5.681 5.681 5.681 4.181 4.181 4.181 4.400 4.400 4.400 4.731 4.731 4.731 4.625 4.625 4.625 4.571 4.571 4.571 4.436 4.436 4.436 5.936 5.936 5.936 5.076 5.076 5.076 3.576 3.576 3.576 5.076 5.076 5.076 5.691 5.691 5.691 5.932 5.932 5.932 6.193 6.193 6.193 6.467 6.467 6.467 7.137 7.137 7.137 8.003 8.003 8.003 8.716 8.716 8.716 7.850 7.850 7.850 7.179 7.179 7.179 6.332 6.332 6.332 4.832 4.832 4.832 5.892 5.892 5.892 7.392 7.392 7.392 6.886 6.886 6.886
3.972 3.972 5.472 5.472 5.472 5.047 5.047 5.047 5.150 5.150 5.150 5.597 5.597 5.597 5.375 5.375 5.375 5.242 5.242 5.242 5.107 5.107 5.107 5.043 5.043 5.043 4.293 4.293 4.293 3.762 3.762 3.762 3.970 3.970 3.970 4.191 4.191 4.191 4.432 4.432 4.432 4.693 4.693 4.693 4.967 4.967 4.967 5.637 5.637 5.637 6.503 6.503 6.503 7.216 7.216 7.216 6.350 6.350 6.350 5.679 5.679 5.679 5.344 5.344 5.344 5.055 5.055 5.055 5.529 5.529 5.529 7.029 7.029 7.029 8.386 8.386 8.386
3.972 3.972 5.472 5.472 5.472 5.047 5.047 5.047 5.150 5.150 5.150 5.597 5.597 5.597 5.375 5.375 5.375 5.242 5.242 5.242 5.107 5.107 5.107 5.043 5.043 5.043 4.293 4.293 4.293 3.762 3.762 3.762 3.970 3.970 3.970 4.191 4.191 4.191 4.432 4.432 4.432 4.693 4.693 4.693 4.967 4.967 4.967 5.637 5.637 5.637 6.503 6.503 6.503 7.216 7.216 7.216 6.350 6.350 6.350 5.679 5.679 5.679 5.344 5.344 5.344 5.055 5.055 5.055 5.529 5.529 5.529 7.029 7.029 7.029 8.386 8.386 8.386
3.972 3.972 5.472 5.472 5.472 5.047 5.047 5.047 5.150 5.150 5.150 5.597 5.597 5.597 5.375 5.375 5.375 5.242 5.242 5.242 5.107 5.107 5.107 5.043 5.043 5.043 4.293 4.293 4.293 3.762 3.762 3.762 3.970 3.970 3.970 4.191 4.191 4.191 4.432 4.432 4.432 4.693 4.693 4.693 4.967 4.967 4.967 5.637 5.637 5.637 6.503 6.503 6.503 7.216 7.216 7.216 6.350 6.350 6.350 5.679 5.679 5.679 5.344 5.344 5.344 5.055 5.055 5.055 5.529 5.529 5.529 7.029 7.029 7.029 8.386 8.386 8.386
4.347 4.347 5.847 5.847 5.847 6.107 6.107 6.107 6.017 6.017 6.017 6.657 6.657 6.657 6.241 6.241 6.241 5.992 5.992 5.992 5.857 5.857 5.857 5.909 5.909 5.909 5.159 5.159 5.159 4.512 4.512 4.512 4.641 4.641 4.641 4.862 4.862 4.862 5.182 5.182 5.182 6.193 6.193 6.193 5.279 5.279 5.279 6.779 6.779 6.779 8.003 8.003 8.003 8.716 8.716 8.716 7.595 7.595 7.595 6.095 6.095 6.095 5.956 5.956 5.956 5.622 5.622 5.622 6.060 6.060 6.060 7.560 7.560 7.560 8.237 8.237 8.237
4.347 4.347 5.847 5.847 5.847 6.107 6.107 6.107 6.017 6.017 6.017 6.657 6.657 6.657 6.241 6.241 6.241 5.992 5.992 5.992 5.857 5.857 5.857 5.909 5.909 5.909 5.159 5.159 5.159 4.512 4.512 4.512 4.641 4.641 4.641 4.862 4.862 4.862 5.182 5.182 5.182 6.193 6.193 6.193 5.279 5.279 5.279 6.779 6.779 6.779 8.003 8.003 8.003 8.716 8.716 8.716 7.595 7.595 7.595 6.095 6.095 6.095 5.956 5.956 5.956 5.622 5.622 5.622 6.060 6.060 6.060 7.560 7.560 7.560 8.237 8.237 8.237
4.347 4.347 5.847 5.847 5.847 6.107 6.107 6.107 6.017 6.017 6.017 6.657 6.657 6.657 6.241 6.241 6.241 5.992 5.992 5.992 5.857 5.857 5.857 5.909 5.909 5.909 5.159 5.159 5.159 4.512 4.512 4.512 4.641 4.641 4.641 4.862 4.862 4.862 5.182 5.182 5.182 6.193 6.193 6.193 5.279 5.279 5.279 6.779 6.779 6.779 8.003 8.003 8.003 8.716 8.716 8.716 7.595 7.595 7.595 6.095 6.095 6.095 5.956 5.956 5.956 5.622 5.622 5.622 6.060 6.060 6.060 7.560 7.560 7.560 8.237 8.237 8.237
4.748 4.748 6.248 6.248 6.248 7.607 7.607 7.607 7.077 7.077 7.077 8.157 8.157 8.157 7.301 7.301 7.301 6.858 6.858 6.858 6.723 6.723 6.723 6.969 6.969 6.969 6.219 6.219 6.219 5.378 5.378 5.378 5.391 5.391 5.391 5.612 5.612 5.612 6.048 6.048 6.048 7.107 7.107 7.107 5.607 5.607 5.607 6.667 6.667 6.667 8.167 8.167 8.167 9.108 9.108 9.108 7.608 7.608 7.608 6.548 6.548 6.548 6.627 6.627 6.627 6.234 6.234 6.234 6.672 6.672 6.672 8.172 8.172 8.172 8.417 8.417 8.417
