last_chance_experiments/case3b_1_uniform_10m_2/output/topographicElevation_0.asc
nrows 600
cellsize 10.0
xllcorner 0.0
ncols 600
yllcorner 0.0
nodata_value -9999
[rows 68 to 101 of 600, columns 231 to 307 of 600]
5.953 5.953 5.953 5.756 5.756 5.756 5.562 5.562 5.562 6.806 6.806 6.806 5.306 5.306 5.306 6.056 6.056 6.056 6.922 6.922 6.922 7.983 7.983 7.983 9.483 9.483 9.483 10.118 10.118 10.118 8.618 8.618 8.618 7.558 7.558 7.558 6.692 6.692 6.692 5.942 5.942 5.942 7.442 7.442 7.442 6.387 6.387 6.387 7.887 7.887 7.887 8.369 8.369 8.369 8.769 8.769 8.769 8.804 8.804 8.804 9.417 9.417 9.417 10.917 10.917 10.917 10.212 10.212 10.212 10.122 10.122 10.122 9.828 9.828 9.828 9.567 9.567
7.453 7.453 7.453 6.873 6.873 6.873 5.373 5.373 5.373 6.511 6.511 6.511 5.207 5.207 5.207 5.957 5.957 5.957 6.823 6.823 6.823 7.884 7.884 7.884 9.384 9.384 9.384 9.908 9.908 9.908 8.408 8.408 8.408 7.348 7.348 7.348 6.482 6.482 6.482 5.732 5.732 5.732 7.225 7.225 7.225 6.130 6.130 6.130 6.494 6.494 6.494 6.869 6.869 6.869 7.269 7.269 7.269 7.744 7.744 7.744 8.356 8.356 8.356 9.417 9.417 9.417 9.847 9.847 9.847 9.372 9.372 9.372 8.985 8.985 8.985 8.658 8.658
7.453 7.453 7.453 6.873 6.873 6.873 5.373 5.373 5.373 6.511 6.511 6.511 5.207 5.207 5.207 5.957 5.957 5.957 6.823 6.823 6.823 7.884 7.884 7.884 9.384 9.384 9.384 9.908 9.908 9.908 8.408 8.408 8.408 7.348 7.348 7.348 6.482 6.482 6.482 5.732 5.732 5.732 7.225 7.225 7.225 6.130 6.130 6.130 6.494 6.494 6.494 6.869 6.869 6.869 7.269 7.269 7.269 7.744 7.744 7.744 8.356 8.356 8.356 9.417 9.417 9.417 9.847 9.847 9.847 9.372 9.372 9.372 8.985 8.985 8.985 8.658 8.658
7.453 7.453 7.453 6.873 6.873 6.873 5.373 5.373 5.373 6.511 6.511 6.511 5.207 5.207 5.207 5.957 5.957 5.957 6.823 6.823 6.823 7.884 7.884 7.884 9.384 9.384 9.384 9.908 9.908 9.908 8.408 8.408 8.408 7.348 7.348 7.348 6.482 6.482 6.482 5.732 5.732 5.732 7.225 7.225 7.225 6.130 6.130 6.130 6.494 6.494 6.494 6.869 6.869 6.869 7.269 7.269 7.269 7.744 7.744 7.744 8.356 8.356 8.356 9.417 9.417 9.417 9.847 9.847 9.847 9.372 9.372 9.372 8.985 8.985 8.985 8.658 8.658
6.425 6.425 6.425 5.754 5.754 5.754 5.187 5.187 5.187 5.011 5.011 5.011 5.109 5.109 5.109 5.859 5.859 5.859 6.725 6.725 6.725 7.785 7.785 7.785 9.285 9.285 9.285 9.708 9.708 9.708 8.208 8.208 8.208 7.147 7.147 7.147 6.281 6.281 6.281 5.531 5.531 5.531 5.725 5.725 5.725 5.922 5.922 5.922 6.672 6.672 6.672 7.732 7.732 7.732 8.330 8.330 8.330 9.244 9.244 9.244 9.856 9.856 9.856 9.536 9.536 9.536 8.347 8.347 8.347 7.872 7.872 7.872 7.485 7.485 7.485 7.158 7.158
6.425 6.425 6.425 5.754 5.754 5.754 5.187 5.187 5.187 5.011 5.011 5.011 5.109 5.109 5.109 5.859 5.859 5.859 6.725 6.725 6.725 7.785 7.785 7.785 9.285 9.285 9.285 9.708 9.708 9.708 8.208 8.208 8.208 7.147 7.147 7.147 6.281 6.281 6.281 5.531 5.531 5.531 5.725 5.725 5.725 5.922 5.922 5.922 6.672 6.672 6.672 7.732 7.732 7.732 8.330 8.330 8.330 9.244 9.244 9.244 9.856 9.856 9.856 9.536 9.536 9.536 8.347 8.347 8.347 7.872 7.872 7.872 7.485 7.485 7.485 7.158 7.158
6.425 6.425 6.425 5.754 5.754 5.754 5.187 5.187 5.187 5.011 5.011 5.011 5.109 5.109 5.109 5.859 5.859 5.859 6.725 6.725 6.725 7.785 7.785 7.785 9.285 9.285 9.285 9.708 9.708 9.708 8.208 8.208 8.208 7.147 7.147 7.147 6.281 6.281 6.281 5.531 5.531 5.531 5.725 5.725 5.725 5.922 5.922 5.922 6.672 6.672 6.672 7.732 7.732 7.732 8.330 8.330 8.330 9.244 9.244 9.244 9.856 9.856 9.856 9.536 9.536 9.536 8.347 8.347 8.347 7.872 7.872 7.872 7.485 7.485 7.485 7.158 7.158
7.925 7.925 7.925 7.254 7.254 7.254 6.427 6.427 6.427 4.927 4.927 4.927 5.597 5.597 5.597 6.347 6.347 6.347 7.213 7.213 7.213 8.274 8.274 8.274 9.774 9.774 9.774 9.571 9.571 9.571 8.071 8.071 8.071 7.011 7.011 7.011 6.145 6.145 6.145 5.395 5.395 5.395 6.895 6.895 6.895 7.422 7.422 7.422 8.172 8.172 8.172 9.232 9.232 9.232 9.830 9.830 9.830 9.997 9.997 9.997 9.536 9.536 9.536 8.036 8.036 8.036 7.286 7.286 7.286 6.812 6.812 6.812 6.424 6.424 6.424 6.097 6.097
7.925 7.925 7.925 7.254 7.254 7.254 6.427 6.427 6.427 4.927 4.927 4.927 5.597 5.597 5.597 6.347 6.347 6.347 7.213 7.213 7.213 8.274 8.274 8.274 9.774 9.774 9.774 9.571 9.571 9.571 8.071 8.071 8.071 7.011 7.011 7.011 6.145 6.145 6.145 5.395 5.395 5.395 6.895 6.895 6.895 7.422 7.422 7.422 8.172 8.172 8.172 9.232 9.232 9.232 9.830 9.830 9.830 9.997 9.997 9.997 9.536 9.536 9.536 8.036 8.036 8.036 7.286 7.286 7.286 6.812 6.812 6.812 6.424 6.424 6.424 6.097 6.097
7.925 7.925 7.925 7.254 7.254 7.254 6.427 6.427 6.427 4.927 4.927 4.927 5.597 5.597 5.597 6.347 6.347 6.347 7.213 7.213 7.213 8.274 8.274 8.274 9.774 9.774 9.774 9.571 9.571 9.571 8.071 8.071 8.071 7.011 7.011 7.011 6.145 6.145 6.145 5.395 5.395 5.395 6.895 6.895 6.895 7.422 7.422 7.422 8.172 8.172 8.172 9.232 9.232 9.232 9.830 9.830 9.830 9.997 9.997 9.997 9.536 9.536 9.536 8.036 8.036 8.036 7.286 7.286 7.286 6.812 6.812 6.812 6.424 6.424 6.424 6.097 6.097
7.635 7.635 7.635 6.575 6.575 6.575 6.343 6.343 6.343 4.843 4.843 4.843 5.514 5.514 5.514 6.264 6.264 6.264 7.130 7.130 7.130 8.190 8.190 8.190 9.690 9.690 9.690 9.438 9.438 9.438 7.938 7.938 7.938 6.878 6.878 6.878 6.012 6.012 6.012 5.262 5.262 5.262 6.128 6.128 6.128 7.188 7.188 7.188 8.688 8.688 8.688 8.705 8.705 8.705 8.519 8.519 8.519 8.497 8.497 8.497 9.997 9.997 9.997 9.536 9.536 9.536 8.152 8.152 8.152 7.872 7.872 7.872 7.290 7.290 7.290 6.847 6.847
7.635 7.635 7.635 6.575 6.575 6.575 6.343 6.343 6.343 4.843 4.843 4.843 5.514 5.514 5.514 6.264 6.264 6.264 7.130 7.130 7.130 8.190 8.190 8.190 9.690 9.690 9.690 9.438 9.438 9.438 7.938 7.938 7.938 6.878 6.878 6.878 6.012 6.012 6.012 5.262 5.262 5.262 6.128 6.128 6.128 7.188 7.188 7.188 8.688 8.688 8.688 8.705 8.705 8.705 8.519 8.519 8.519 8.497 8.497 8.497 9.997 9.997 9.997 9.536 9.536 9.536 8.152 8.152 8.152 7.872 7.872 7.872 7.290 7.290 7.290 6.847 6.847
7.635 7.635 7.635 6.575 6.575 6.575 6.343 6.343 6.343 4.843 4.843 4.843 5.514 5.514 5.514 6.264 6.264 6.264 7.130 7.130 7.130 8.190 8.190 8.190 9.690 9.690 9.690 9.438 9.438 9.438 7.938 7.938 7.938 6.878 6.878 6.878 6.012 6.012 6.012 5.262 5.262 5.262 6.128 6.128 6.128 7.188 7.188 7.188 8.688 8.688 8.688 8.705 8.705 8.705 8.519 8.519 8.519 8.497 8.497 8.497 9.997 9.997 9.997 9.536 9.536 9.536 8.152 8.152 8.152 7.872 7.872 7.872 7.290 7.290 7.290 6.847 6.847
6.769 6.769 6.769 5.709 5.709 5.709 6.096 6.096 6.096 4.760 4.760 4.760 5.431 5.431 5.431 6.181 6.181 6.181 7.047 7.047 7.047 8.107 8.107 8.107 9.607 9.607 9.607 9.309 9.309 9.309 7.809 7.809 7.809 6.749 6.749 6.749 5.883 5.883 5.883 5.133 5.133 5.133 6.633 6.633 6.633 7.049 7.049 7.049 7.338 7.338 7.338 7.205 7.205 7.205 7.019 7.019 7.019 7.631 7.631 7.631 8.692 8.692 8.692 10.192 10.192 10.192 9.213 9.213 9.213 9.372 9.372 9.372 8.351 8.351 8.351 7.713 7.713
6.769 6.769 6.769 5.709 5.709 5.709 6.096 6.096 6.096 4.760 4.760 4.760 5.431 5.431 5.431 6.181 6.181 6.181 7.047 7.047 7.047 8.107 8.107 8.107 9.607 9.607 9.607 9.309 9.309 9.309 7.809 7.809 7.809 6.749 6.749 6.749 5.883 5.883 5.883 5.133 5.133 5.133 6.633 6.633 6.633 7.049 7.049 7.049 7.338 7.338 7.338 7.205 7.205 7.205 7.019 7.019 7.019 7.631 7.631 7.631 8.692 8.692 8.692 10.192 10.192 10.192 9.213 9.213 9.213 9.372 9.372 9.372 8.351 8.351 8.351 7.713 7.713
6.769 6.769 6.769 5.709 5.709 5.709 6.096 6.096 6.096 4.760 4.760 4.760 5.431 5.431 5.431 6.181 6.181 6.181 7.047 7.047 7.047 8.107 8.107 8.107 9.607 9.607 9.607 9.309 9.309 9.309 7.809 7.809 7.809 6.749 6.749 6.749 5.883 5.883 5.883 5.133 5.133 5.133 6.633 6.633 6.633 7.049 7.049 7.049 7.338 7.338 7.338 7.205 7.205 7.205 7.019 7.019 7.019 7.631 7.631 7.631 8.692 8.692 8.692 10.192 10.192 10.192 9.213 9.213 9.213 9.372 9.372 9.372 8.351 8.351 8.351 7.713 7.713
6.157 6.157 6.157 5.096 5.096 5.096 4.596 4.596 4.596 4.678 4.678 4.678 5.348 5.348 5.348 6.098 6.098 6.098 6.964 6.964 6.964 8.025 8.025 8.025 9.525 9.525 9.525 9.183 9.183 9.183 7.683 7.683 7.683 6.622 6.622 6.622 5.756 5.756 5.756 5.006 5.006 5.006 5.276 5.276 5.276 5.549 5.549 5.549 5.838 5.838 5.838 6.144 6.144 6.144 6.488 6.488 6.488 7.354 7.354 7.354 8.415 8.415 8.415 9.915 9.915 9.915 10.713 10.713 10.713 10.526 10.526 10.526 9.851 9.851 9.851 8.774 8.774
6.157 6.157 6.157 5.096 5.096 5.096 4.596 4.596 4.596 4.678 4.678 4.678 5.348 5.348 5.348 6.098 6.098 6.098 6.964 6.964 6.964 8.025 8.025 8.025 9.525 9.525 9.525 9.183 9.183 9.183 7.683 7.683 7.683 6.622 6.622 6.622 5.756 5.756 5.756 5.006 5.006 5.006 5.276 5.276 5.276 5.549 5.549 5.549 5.838 5.838 5.838 6.144 6.144 6.144 6.488 6.488 6.488 7.354 7.354 7.354 8.415 8.415 8.415 9.915 9.915 9.915 10.713 10.713 10.713 10.526 10.526 10.526 9.851 9.851 9.851 8.774 8.774
6.157 6.157 6.157 5.096 5.096 5.096 4.596 4.596 4.596 4.678 4.678 4.678 5.348 5.348 5.348 6.098 6.098 6.098 6.964 6.964 6.964 8.025 8.025 8.025 9.525 9.525 9.525 9.183 9.183 9.183 7.683 7.683 7.683 6.622 6.622 6.622 5.756 5.756 5.756 5.006 5.006 5.006 5.276 5.276 5.276 5.549 5.549 5.549 5.838 5.838 5.838 6.144 6.144 6.144 6.488 6.488 6.488 7.354 7.354 7.354 8.415 8.415 8.415 9.915 9.915 9.915 10.713 10.713 10.713 10.526 10.526 10.526 9.851 9.851 9.851 8.774 8.774
6.443 6.443 6.443 5.382 5.382 5.382 4.516 4.516 4.516 5.187 5.187 5.187 5.937 5.937 5.937 6.803 6.803 6.803 7.863 7.863 7.863 9.363 9.363 9.363 8.434 8.434 8.434 9.070 9.070 9.070 7.570 7.570 7.570 6.509 6.509 6.509 5.643 5.643 5.643 4.893 4.893 4.893 6.393 6.393 6.393 7.049 7.049 7.049 7.338 7.338 7.338 7.205 7.205 7.205 7.055 7.055 7.055 7.726 7.726 7.726 8.592 8.592 8.592 10.092 10.092 10.092 10.526 10.526 10.526 9.026 9.026 9.026 10.526 10.526 10.526 10.274 10.274
6.443 6.443 6.443 5.382 5.382 5.382 4.516 4.516 4.516 5.187 5.187 5.187 5.937 5.937 5.937 6.803 6.803 6.803 7.863 7.863 7.863 9.363 9.363 9.363 8.434 8.434 8.434 9.070 9.070 9.070 7.570 7.570 7.570 6.509 6.509 6.509 5.643 5.643 5.643 4.893 4.893 4.893 6.393 6.393 6.393 7.049 7.049 7.049 7.338 7.338 7.338 7.205 7.205 7.205 7.055 7.055 7.055 7.726 7.726 7.726 8.592 8.592 8.592 10.092 10.092 10.092 10.526 10.526 10.526 9.026 9.026 9.026 10.526 10.526 10.526 10.274 10.274
6.443 6.443 6.443 5.382 5.382 5.382 4.516 4.516 4.516 5.187 5.187 5.187 5.937 5.937 5.937 6.803 6.803 6.803 7.863 7.863 7.863 9.363 9.363 9.363 8.434 8.434 8.434 9.070 9.070 9.070 7.570 7.570 7.570 6.509 6.509 6.509 5.643 5.643 5.643 4.893 4.893 4.893 6.393 6.393 6.393 7.049 7.049 7.049 7.338 7.338 7.338 7.205 7.205 7.205 7.055 7.055 7.055 7.726 7.726 7.726 8.592 8.592 8.592 10.092 10.092 10.092 10.526 10.526 10.526 9.026 9.026 9.026 10.526 10.526 10.526 10.274 10.274
6.364 6.364 6.364 5.303 5.303 5.303 4.437 4.437 4.437 5.187 5.187 5.187 6.053 6.053 6.053 7.114 7.114 7.114 8.614 8.614 8.614 8.434 8.434 8.434 6.934 6.934 6.934 8.434 8.434 8.434 8.209 8.209 8.209 6.709 6.709 6.709 5.649 5.649 5.649 4.783 4.783 4.783 5.649 5.649 5.649 6.709 6.709 6.709 8.209 8.209 8.209 8.705 8.705 8.705 8.555 8.555 8.555 9.226 9.226 9.226 10.092 10.092 10.092 10.837 10.837 10.837 9.337 9.337 9.337 8.276 8.276 8.276 9.337 9.337 9.337 10.837 10.837
6.364 6.364 6.364 5.303 5.303 5.303 4.437 4.437 4.437 5.187 5.187 5.187 6.053 6.053 6.053 7.114 7.114 7.114 8.614 8.614 8.614 8.434 8.434 8.434 6.934 6.934 6.934 8.434 8.434 8.434 8.209 8.209 8.209 6.709 6.709 6.709 5.649 5.649 5.649 4.783 4.783 4.783 5.649 5.649 5.649 6.709 6.709 6.709 8.209 8.209 8.209 8.705 8.705 8.705 8.555 8.555 8.555 9.226 9.226 9.226 10.092 10.092 10.092 10.837 10.837 10.837 9.337 9.337 9.337 8.276 8.276 8.276 9.337 9.337 9.337 10.837 10.837
6.364 6.364 6.364 5.303 5.303 5.303 4.437 4.437 4.437 5.187 5.187 5.187 6.053 6.053 6.053 7.114 7.114 7.114 8.614 8.614 8.614 8.434 8.434 8.434 6.934 6.934 6.934 8.434 8.434 8.434 8.209 8.209 8.209 6.709 6.709 6.709 5.649 5.649 5.649 4.783 4.783 4.783 5.649 5.649 5.649 6.709 6.709 6.709 8.209 8.209 8.209 8.705 8.705 8.705 8.555 8.555 8.555 9.226 9.226 9.226 10.092 10.092 10.092 10.837 10.837 10.837 9.337 9.337 9.337 8.276 8.276 8.276 9.337 9.337 9.337 10.837 10.837
6.919 6.919 6.919 5.419 5.419 5.419 4.359 4.359 4.359 5.225 5.225 5.225 6.285 6.285 6.285 7.785 7.785 7.785 8.434 8.434 8.434 6.934 6.934 6.934 6.068 6.068 6.068 7.568 7.568 7.568 8.100 8.100 8.100 6.600 6.600 6.600 5.540 5.540 5.540 4.674 4.674 4.674 5.734 5.734 5.734 7.234 7.234 7.234 8.177 8.177 8.177 8.565 8.565 8.565 7.935 7.935 7.935 8.995 8.995 8.995 10.495 10.495 10.495 10.337 10.337 10.337 8.837 8.837 8.837 7.776 7.776 7.776 9.276 9.276 9.276 9.399 9.399
6.919 6.919 6.919 5.419 5.419 5.419 4.359 4.359 4.359 5.225 5.225 5.225 6.285 6.285 6.285 7.785 7.785 7.785 8.434 8.434 8.434 6.934 6.934 6.934 6.068 6.068 6.068 7.568 7.568 7.568 8.100 8.100 8.100 6.600 6.600 6.600 5.540 5.540 5.540 4.674 4.674 4.674 5.734 5.734 5.734 7.234 7.234 7.234 8.177 8.177 8.177 8.565 8.565 8.565 7.935 7.935 7.935 8.995 8.995 8.995 10.495 10.495 10.495 10.337 10.337 10.337 8.837 8.837 8.837 7.776 7.776 7.776 9.276 9.276 9.276 9.399 9.399
6.919 6.919 6.919 5.419 5.419 5.419 4.359 4.359 4.359 5.225 5.225 5.225 6.285 6.285 6.285 7.785 7.785 7.785 8.434 8.434 8.434 6.934 6.934 6.934 6.068 6.068 6.068 7.568 7.568 7.568 8.100 8.100 8.100 6.600 6.600 6.600 5.540 5.540 5.540 4.674 4.674 4.674 5.734 5.734 5.734 7.234 7.234 7.234 8.177 8.177 8.177 8.565 8.565 8.565 7.935 7.935 7.935 8.995 8.995 8.995 10.495 10.495 10.495 10.337 10.337 10.337 8.837 8.837 8.837 7.776 7.776 7.776 9.276 9.276 9.276 9.399 9.399
5.792 5.792 5.792 5.748 5.748 5.748 4.281 4.281 4.281 5.147 5.147 5.147 6.208 6.208 6.208 7.708 7.708 7.708 8.098 8.098 8.098 6.598 6.598 6.598 5.538 5.538 5.538 6.598 6.598 6.598 8.098 8.098 8.098 7.127 7.127 7.127 5.627 5.627 5.627 4.567 4.567 4.567 6.067 6.067 6.067 6.763 6.763 6.763 6.677 6.677 6.677 7.065 7.065 7.065 7.069 7.069 7.069 8.129 8.129 8.129 9.629 9.629 9.629 9.921 9.921 9.921 8.421 8.421 8.421 7.360 7.360 7.360 8.860 8.860 8.860 9.189 9.189
5.792 5.792 5.792 5.748 5.748 5.748 4.281 4.281 4.281 5.147 5.147 5.147 6.208 6.208 6.208 7.708 7.708 7.708 8.098 8.098 8.098 6.598 6.598 6.598 5.538 5.538 5.538 6.598 6.598 6.598 8.098 8.098 8.098 7.127 7.127 7.127 5.627 5.627 5.627 4.567 4.567 4.567 6.067 6.067 6.067 6.763 6.763 6.763 6.677 6.677 6.677 7.065 7.065 7.065 7.069 7.069 7.069 8.129 8.129 8.129 9.629 9.629 9.629 9.921 9.921 9.921 8.421 8.421 8.421 7.360 7.360 7.360 8.860 8.860 8.860 9.189 9.189
5.792 5.792 5.792 5.748 5.748 5.748 4.281 4.281 4.281 5.147 5.147 5.147 6.208 6.208 6.208 7.708 7.708 7.708 8.098 8.098 8.098 6.598 6.598 6.598 5.538 5.538 5.538 6.598 6.598 6.598 8.098 8.098 8.098 7.127 7.127 7.127 5.627 5.627 5.627 4.567 4.567 4.567 6.067 6.067 6.067 6.763 6.763 6.763 6.677 6.677 6.677 7.065 7.065 7.065 7.069 7.069 7.069 8.129 8.129 8.129 9.629 9.629 9.629 9.921 9.921 9.921 8.421 8.421 8.421 7.360 7.360 7.360 8.860 8.860 8.860 9.189 9.189
4.292 4.292 4.292 4.248 4.248 4.248 4.204 4.204 4.204 5.264 5.264 5.264 6.764 6.764 6.764 8.113 8.113 8.113 8.076 8.076 8.076 6.621 6.621 6.621 5.121 5.121 5.121 6.182 6.182 6.182 7.682 7.682 7.682 7.021 7.021 7.021 5.521 5.521 5.521 4.461 4.461 4.461 5.961 5.961 5.961 5.263 5.263 5.263 5.617 5.617 5.617 6.004 6.004 6.004 6.456 6.456 6.456 7.322 7.322 7.322 8.822 8.822 8.822 9.557 9.557 9.557 8.057 8.057 8.057 6.997 6.997 6.997 8.497 8.497 8.497 8.129 8.129
4.292 4.292 4.292 4.248 4.248 4.248 4.204 4.204 4.204 5.264 5.264 5.264 6.764 6.764 6.764 8.113 8.113 8.113 8.076 8.076 8.076 6.621 6.621 6.621 5.121 5.121 5.121 6.182 6.182 6.182 7.682 7.682 7.682 7.021 7.021 7.021 5.521 5.521 5.521 4.461 4.461 4.461 5.961 5.961 5.961 5.263 5.263 5.263 5.617 5.617 5.617 6.004 6.004 6.004 6.456 6.456 6.456 7.322 7.322 7.322 8.822 8.822 8.822 9.557 9.557 9.557 8.057 8.057 8.057 6.997 6.997 6.997 8.497 8.497 8.497 8.129 8.129
4.292 4.292 4.292 4.248 4.248 4.248 4.204 4.204 4.204 5.264 5.264 5.264 6.764 6.764 6.764 8.113 8.113 8.113 8.076 8.076 8.076 6.621 6.621 6.621 5.121 5.121 5.121 6.182 6.182 6.182 7.682 7.682 7.682 7.021 7.021 7.021 5.521 5.521 5.521 4.461 4.461 4.461 5.961 5.961 5.961 5.263 5.263 5.263 5.617 5.617 5.617 6.004 6.004 6.004 6.456 6.456 6.456 7.322 7.322 7.322 8.822 8.822 8.822 9.557 9.557 9.557 8.057 8.057 8.057 6.997 6.997 6.997 8.497 8.497 8.497 8.129 8.129
