last_chance_experiments/case3b_1_uniform_10m_2/output/topographicElevation_0.asc
nrows 600
cellsize 10.0
xllcorner 0.0
ncols 600
yllcorner 0.0
nodata_value -9999
[rows 102 to 135 of 600, columns 77 to 153 of 600]
7.685 9.185 9.185 9.185 8.199 8.199 8.199 9.699 9.699 9.699 9.033 9.033 9.033 9.883 9.883 9.883 8.383 8.383 8.383 9.444 9.444 9.444 10.944 10.944 10.944 11.584 11.584 11.584 10.084 10.084 10.084 9.023 9.023 9.023 8.273 8.273 8.273 7.661 7.661 7.661 7.130 7.130 7.130 6.656 6.656 6.656 6.726 6.726 6.726 7.397 7.397 7.397 8.147 8.147 8.147 9.013 9.013 9.013 10.074 10.074 10.074 11.574 11.574 11.574 11.743 11.743 11.743 10.243 10.243 10.243 9.182 9.182 9.182 8.432 8.432 8.432 9.932
7.685 9.185 9.185 9.185 8.199 8.199 8.199 9.699 9.699 9.699 9.033 9.033 9.033 9.883 9.883 9.883 8.383 8.383 8.383 9.444 9.444 9.444 10.944 10.944 10.944 11.584 11.584 11.584 10.084 10.084 10.084 9.023 9.023 9.023 8.273 8.273 8.273 7.661 7.661 7.661 7.130 7.130 7.130 6.656 6.656 6.656 6.726 6.726 6.726 7.397 7.397 7.397 8.147 8.147 8.147 9.013 9.013 9.013 10.074 10.074 10.074 11.574 11.574 11.574 11.743 11.743 11.743 10.243 10.243 10.243 9.182 9.182 9.182 8.432 8.432 8.432 9.932
7.685 9.185 9.185 9.185 8.199 8.199 8.199 9.699 9.699 9.699 9.033 9.033 9.033 9.883 9.883 9.883 8.383 8.383 8.383 9.444 9.444 9.444 10.944 10.944 10.944 11.584 11.584 11.584 10.084 10.084 10.084 9.023 9.023 9.023 8.273 8.273 8.273 7.661 7.661 7.661 7.130 7.130 7.130 6.656 6.656 6.656 6.726 6.726 6.726 7.397 7.397 7.397 8.147 8.147 8.147 9.013 9.013 9.013 10.074 10.074 10.074 11.574 11.574 11.574 11.743 11.743 11.743 10.243 10.243 10.243 9.182 9.182 9.182 8.432 8.432 8.432 9.932
8.017 8.336 8.336 8.336 7.587 7.587 7.587 8.715 8.715 8.715 8.167 8.167 8.167 9.134 9.134 9.134 8.113 8.113 8.113 8.979 8.979 8.979 10.040 10.040 10.040 11.540 11.540 11.540 11.435 11.435 11.435 9.935 9.935 9.935 8.874 8.874 8.874 8.008 8.008 8.008 7.258 7.258 7.258 6.587 6.587 6.587 7.200 7.200 7.200 7.870 7.870 7.870 8.620 8.620 8.620 9.486 9.486 9.486 10.547 10.547 10.547 12.047 12.047 12.047 12.330 12.330 12.330 11.464 11.464 11.464 10.682 10.682 10.682 9.493 9.493 9.493 10.503
8.017 8.336 8.336 8.336 7.587 7.587 7.587 8.715 8.715 8.715 8.167 8.167 8.167 9.134 9.134 9.134 8.113 8.113 8.113 8.979 8.979 8.979 10.040 10.040 10.040 11.540 11.540 11.540 11.435 11.435 11.435 9.935 9.935 9.935 8.874 8.874 8.874 8.008 8.008 8.008 7.258 7.258 7.258 6.587 6.587 6.587 7.200 7.200 7.200 7.870 7.870 7.870 8.620 8.620 8.620 9.486 9.486 9.486 10.547 10.547 10.547 12.047 12.047 12.047 12.330 12.330 12.330 11.464 11.464 11.464 10.682 10.682 10.682 9.493 9.493 9.493 10.503
8.017 8.336 8.336 8.336 7.587 7.587 7.587 8.715 8.715 8.715 8.167 8.167 8.167 9.134 9.134 9.134 8.113 8.113 8.113 8.979 8.979 8.979 10.040 10.040 10.040 11.540 11.540 11.540 11.435 11.435 11.435 9.935 9.935 9.935 8.874 8.874 8.874 8.008 8.008 8.008 7.258 7.258 7.258 6.587 6.587 6.587 7.200 7.200 7.200 7.870 7.870 7.870 8.620 8.620 8.620 9.486 9.486 9.486 10.547 10.547 10.547 12.047 12.047 12.047 12.330 12.330 12.330 11.464 11.464 11.464 10.682 10.682 10.682 9.493 9.493 9.493 10.503
7.910 6.836 6.836 6.836 7.020 7.020 7.020 7.215 7.215 7.215 7.417 7.417 7.417 7.634 7.634 7.634 7.860 7.860 7.860 8.726 8.726 8.726 9.787 9.787 9.787 11.287 11.287 11.287 11.046 11.046 11.046 10.696 10.696 10.696 9.196 9.196 9.196 8.135 8.135 8.135 7.269 7.269 7.269 6.519 6.519 6.519 7.190 7.190 7.190 7.940 7.940 7.940 8.806 8.806 8.806 9.867 9.867 9.867 11.367 11.367 11.367 12.330 12.330 12.330 10.830 10.830 10.830 9.964 9.964 9.964 11.464 11.464 11.464 10.993 10.993 10.993 11.046
7.910 6.836 6.836 6.836 7.020 7.020 7.020 7.215 7.215 7.215 7.417 7.417 7.417 7.634 7.634 7.634 7.860 7.860 7.860 8.726 8.726 8.726 9.787 9.787 9.787 11.287 11.287 11.287 11.046 11.046 11.046 10.696 10.696 10.696 9.196 9.196 9.196 8.135 8.135 8.135 7.269 7.269 7.269 6.519 6.519 6.519 7.190 7.190 7.190 7.940 7.940 7.940 8.806 8.806 8.806 9.867 9.867 9.867 11.367 11.367 11.367 12.330 12.330 12.330 10.830 10.830 10.830 9.964 9.964 9.964 11.464 11.464 11.464 10.993 10.993 10.993 11.046
7.910 6.836 6.836 6.836 7.020 7.020 7.020 7.215 7.215 7.215 7.417 7.417 7.417 7.634 7.634 7.634 7.860 7.860 7.860 8.726 8.726 8.726 9.787 9.787 9.787 11.287 11.287 11.287 11.046 11.046 11.046 10.696 10.696 10.696 9.196 9.196 9.196 8.135 8.135 8.135 7.269 7.269 7.269 6.519 6.519 6.519 7.190 7.190 7.190 7.940 7.940 7.940 8.806 8.806 8.806 9.867 9.867 9.867 11.367 11.367 11.367 12.330 12.330 12.330 10.830 10.830 10.830 9.964 9.964 9.964 11.464 11.464 11.464 10.993 10.993 10.993 11.046
6.480 6.656 6.656 6.656 7.717 7.717 7.717 8.276 8.276 8.276 8.478 8.478 8.478 8.694 8.694 8.694 8.531 8.531 8.531 9.397 9.397 9.397 10.897 10.897 10.897 10.736 10.736 10.736 9.546 9.546 9.546 9.455 9.455 9.455 9.003 9.003 9.003 8.602 8.602 8.602 7.952 7.952 7.952 6.452 6.452 6.452 7.122 7.122 7.122 7.872 7.872 7.872 8.738 8.738 8.738 9.799 9.799 9.799 11.299 11.299 11.299 11.913 11.913 11.913 10.413 10.413 10.413 9.352 9.352 9.352 10.413 10.413 10.413 11.913 11.913 11.913 10.969
6.480 6.656 6.656 6.656 7.717 7.717 7.717 8.276 8.276 8.276 8.478 8.478 8.478 8.694 8.694 8.694 8.531 8.531 8.531 9.397 9.397 9.397 10.897 10.897 10.897 10.736 10.736 10.736 9.546 9.546 9.546 9.455 9.455 9.455 9.003 9.003 9.003 8.602 8.602 8.602 7.952 7.952 7.952 6.452 6.452 6.452 7.122 7.122 7.122 7.872 7.872 7.872 8.738 8.738 8.738 9.799 9.799 9.799 11.299 11.299 11.299 11.913 11.913 11.913 10.413 10.413 10.413 9.352 9.352 9.352 10.413 10.413 10.413 11.913 11.913 11.913 10.969
6.480 6.656 6.656 6.656 7.717 7.717 7.717 8.276 8.276 8.276 8.478 8.478 8.478 8.694 8.694 8.694 8.531 8.531 8.531 9.397 9.397 9.397 10.897 10.897 10.897 10.736 10.736 10.736 9.546 9.546 9.546 9.455 9.455 9.455 9.003 9.003 9.003 8.602 8.602 8.602 7.952 7.952 7.952 6.452 6.452 6.452 7.122 7.122 7.122 7.872 7.872 7.872 8.738 8.738 8.738 9.799 9.799 9.799 11.299 11.299 11.299 11.913 11.913 11.913 10.413 10.413 10.413 9.352 9.352 9.352 10.413 10.413 10.413 11.913 11.913 11.913 10.969
7.717 8.156 8.156 8.156 9.217 9.217 9.217 9.776 9.776 9.776 9.978 9.978 9.978 10.194 10.194 10.194 10.031 10.031 10.031 10.897 10.897 10.897 10.736 10.736 10.736 9.236 9.236 9.236 8.486 8.486 8.486 7.955 7.955 7.955 7.503 7.503 7.503 7.102 7.102 7.102 6.738 6.738 6.738 6.385 6.385 6.385 7.056 7.056 7.056 7.806 7.806 7.806 8.672 8.672 8.672 9.732 9.732 9.732 11.232 11.232 11.232 11.460 11.460 11.460 9.960 9.960 9.960 8.900 8.900 8.900 9.960 9.960 9.960 11.460 11.460 11.460 11.370
7.717 8.156 8.156 8.156 9.217 9.217 9.217 9.776 9.776 9.776 9.978 9.978 9.978 10.194 10.194 10.194 10.031 10.031 10.031 10.897 10.897 10.897 10.736 10.736 10.736 9.236 9.236 9.236 8.486 8.486 8.486 7.955 7.955 7.955 7.503 7.503 7.503 7.102 7.102 7.102 6.738 6.738 6.738 6.385 6.385 6.385 7.056 7.056 7.056 7.806 7.806 7.806 8.672 8.672 8.672 9.732 9.732 9.732 11.232 11.232 11.232 11.460 11.460 11.460 9.960 9.960 9.960 8.900 8.900 8.900 9.960 9.960 9.960 11.460 11.460 11.460 11.370
7.717 8.156 8.156 8.156 9.217 9.217 9.217 9.776 9.776 9.776 9.978 9.978 9.978 10.194 10.194 10.194 10.031 10.031 10.031 10.897 10.897 10.897 10.736 10.736 10.736 9.236 9.236 9.236 8.486 8.486 8.486 7.955 7.955 7.955 7.503 7.503 7.503 7.102 7.102 7.102 6.738 6.738 6.738 6.385 6.385 6.385 7.056 7.056 7.056 7.806 7.806 7.806 8.672 8.672 8.672 9.732 9.732 9.732 11.232 11.232 11.232 11.460 11.460 11.460 9.960 9.960 9.960 8.900 8.900 8.900 9.960 9.960 9.960 11.460 11.460 11.460 11.370
7.190 8.690 8.690 8.690 9.264 9.264 9.264 9.538 9.538 9.538 9.832 9.832 9.832 10.159 10.159 10.159 10.534 10.534 10.534 10.987 10.987 10.987 11.599 11.599 11.599 10.736 10.736 10.736 9.986 9.986 9.986 9.455 9.455 9.455 9.003 9.003 9.003 8.602 8.602 8.602 7.819 7.819 7.819 6.319 6.319 6.319 6.990 6.990 6.990 7.740 7.740 7.740 8.606 8.606 8.606 9.667 9.667 9.667 11.167 11.167 11.167 11.085 11.085 11.085 9.585 9.585 9.585 8.525 8.525 8.525 9.391 9.391 9.391 10.451 10.451 10.451 11.951
7.190 8.690 8.690 8.690 9.264 9.264 9.264 9.538 9.538 9.538 9.832 9.832 9.832 10.159 10.159 10.159 10.534 10.534 10.534 10.987 10.987 10.987 11.599 11.599 11.599 10.736 10.736 10.736 9.986 9.986 9.986 9.455 9.455 9.455 9.003 9.003 9.003 8.602 8.602 8.602 7.819 7.819 7.819 6.319 6.319 6.319 6.990 6.990 6.990 7.740 7.740 7.740 8.606 8.606 8.606 9.667 9.667 9.667 11.167 11.167 11.167 11.085 11.085 11.085 9.585 9.585 9.585 8.525 8.525 8.525 9.391 9.391 9.391 10.451 10.451 10.451 11.951
7.190 8.690 8.690 8.690 9.264 9.264 9.264 9.538 9.538 9.538 9.832 9.832 9.832 10.159 10.159 10.159 10.534 10.534 10.534 10.987 10.987 10.987 11.599 11.599 11.599 10.736 10.736 10.736 9.986 9.986 9.986 9.455 9.455 9.455 9.003 9.003 9.003 8.602 8.602 8.602 7.819 7.819 7.819 6.319 6.319 6.319 6.990 6.990 6.990 7.740 7.740 7.740 8.606 8.606 8.606 9.667 9.667 9.667 11.167 11.167 11.167 11.085 11.085 11.085 9.585 9.585 9.585 8.525 8.525 8.525 9.391 9.391 9.391 10.451 10.451 10.451 11.951
7.542 7.946 7.946 7.946 7.764 7.764 7.764 8.038 8.038 8.038 8.332 8.332 8.332 8.659 8.659 8.659 9.034 9.034 9.034 9.487 9.487 9.487 10.099 10.099 10.099 11.599 11.599 11.599 11.102 11.102 11.102 9.602 9.602 9.602 8.541 8.541 8.541 7.675 7.675 7.675 6.925 6.925 6.925 6.254 6.254 6.254 6.925 6.925 6.925 7.675 7.675 7.675 8.541 8.541 8.541 9.602 9.602 9.602 11.102 11.102 11.102 10.765 10.765 10.765 9.265 9.265 9.265 8.205 8.205 8.205 9.071 9.071 9.071 10.131 10.131 10.131 11.631
7.542 7.946 7.946 7.946 7.764 7.764 7.764 8.038 8.038 8.038 8.332 8.332 8.332 8.659 8.659 8.659 9.034 9.034 9.034 9.487 9.487 9.487 10.099 10.099 10.099 11.599 11.599 11.599 11.102 11.102 11.102 9.602 9.602 9.602 8.541 8.541 8.541 7.675 7.675 7.675 6.925 6.925 6.925 6.254 6.254 6.254 6.925 6.925 6.925 7.675 7.675 7.675 8.541 8.541 8.541 9.602 9.602 9.602 11.102 11.102 11.102 10.765 10.765 10.765 9.265 9.265 9.265 8.205 8.205 8.205 9.071 9.071 9.071 10.131 10.131 10.131 11.631
7.542 7.946 7.946 7.946 7.764 7.764 7.764 8.038 8.038 8.038 8.332 8.332 8.332 8.659 8.659 8.659 9.034 9.034 9.034 9.487 9.487 9.487 10.099 10.099 10.099 11.599 11.599 11.599 11.102 11.102 11.102 9.602 9.602 9.602 8.541 8.541 8.541 7.675 7.675 7.675 6.925 6.925 6.925 6.254 6.254 6.254 6.925 6.925 6.925 7.675 7.675 7.675 8.541 8.541 8.541 9.602 9.602 9.602 11.102 11.102 11.102 10.765 10.765 10.765 9.265 9.265 9.265 8.205 8.205 8.205 9.071 9.071 9.071 10.131 10.131 10.131 11.631
6.200 6.446 6.446 6.446 6.703 6.703 6.703 6.977 6.977 6.977 7.271 7.271 7.271 7.599 7.599 7.599 7.974 7.974 7.974 8.426 8.426 8.426 9.038 9.038 9.038 10.099 10.099 10.099 10.234 10.234 10.234 9.484 9.484 9.484 8.917 8.917 8.917 8.443 8.443 8.443 7.690 7.690 7.690 6.190 6.190 6.190 6.940 6.940 6.940 7.806 7.806 7.806 8.867 8.867 8.867 10.367 10.367 10.367 11.571 11.571 11.571 10.071 10.071 10.071 9.421 9.421 9.421 7.921 7.921 7.921 8.671 8.671 8.671 9.537 9.537 9.537 10.598
6.200 6.446 6.446 6.446 6.703 6.703 6.703 6.977 6.977 6.977 7.271 7.271 7.271 7.599 7.599 7.599 7.974 7.974 7.974 8.426 8.426 8.426 9.038 9.038 9.038 10.099 10.099 10.099 10.234 10.234 10.234 9.484 9.484 9.484 8.917 8.917 8.917 8.443 8.443 8.443 7.690 7.690 7.690 6.190 6.190 6.190 6.940 6.940 6.940 7.806 7.806 7.806 8.867 8.867 8.867 10.367 10.367 10.367 11.571 11.571 11.571 10.071 10.071 10.071 9.421 9.421 9.421 7.921 7.921 7.921 8.671 8.671 8.671 9.537 9.537 9.537 10.598
6.200 6.446 6.446 6.446 6.703 6.703 6.703 6.977 6.977 6.977 7.271 7.271 7.271 7.599 7.599 7.599 7.974 7.974 7.974 8.426 8.426 8.426 9.038 9.038 9.038 10.099 10.099 10.099 10.234 10.234 10.234 9.484 9.484 9.484 8.917 8.917 8.917 8.443 8.443 8.443 7.690 7.690 7.690 6.190 6.190 6.190 6.940 6.940 6.940 7.806 7.806 7.806 8.867 8.867 8.867 10.367 10.367 10.367 11.571 11.571 11.571 10.071 10.071 10.071 9.421 9.421 9.421 7.921 7.921 7.921 8.671 8.671 8.671 9.537 9.537 9.537 10.598
7.376 7.946 7.946 7.946 8.203 8.203 8.203 8.477 8.477 8.477 8.332 8.332 8.332 8.659 8.659 8.659 9.034 9.034 9.034 9.487 9.487 9.487 10.538 10.538 10.538 10.234 10.234 10.234 8.734 8.734 8.734 7.984 7.984 7.984 7.417 7.417 7.417 6.943 6.943 6.943 6.527 6.527 6.527 6.126 6.126 6.126 6.876 6.876 6.876 7.742 7.742 7.742 8.803 8.803 8.803 10.303 10.303 10.303 10.510 10.510 10.510 9.010 9.010 9.010 9.164 9.164 9.164 7.664 7.664 7.664 8.335 8.335 8.335 9.085 9.085 9.085 9.951
7.376 7.946 7.946 7.946 8.203 8.203 8.203 8.477 8.477 8.477 8.332 8.332 8.332 8.659 8.659 8.659 9.034 9.034 9.034 9.487 9.487 9.487 10.538 10.538 10.538 10.234 10.234 10.234 8.734 8.734 8.734 7.984 7.984 7.984 7.417 7.417 7.417 6.943 6.943 6.943 6.527 6.527 6.527 6.126 6.126 6.126 6.876 6.876 6.876 7.742 7.742 7.742 8.803 8.803 8.803 10.303 10.303 10.303 10.510 10.510 10.510 9.010 9.010 9.010 9.164 9.164 9.164 7.664 7.664 7.664 8.335 8.335 8.335 9.085 9.085 9.085 9.951
7.376 7.946 7.946 7.946 8.203 8.203 8.203 8.477 8.477 8.477 8.332 8.332 8.332 8.659 8.659 8.659 9.034 9.034 9.034 9.487 9.487 9.487 10.538 10.538 10.538 10.234 10.234 10.234 8.734 8.734 8.734 7.984 7.984 7.984 7.417 7.417 7.417 6.943 6.943 6.943 6.527 6.527 6.527 6.126 6.126 6.126 6.876 6.876 6.876 7.742 7.742 7.742 8.803 8.803 8.803 10.303 10.303 10.303 10.510 10.510 10.510 9.010 9.010 9.010 9.164 9.164 9.164 7.664 7.664 7.664 8.335 8.335 8.335 9.085 9.085 9.085 9.951
7.296 8.190 8.190 8.190 8.757 8.757 8.757 9.428 9.428 9.428 9.832 9.832 9.832 10.159 10.159 10.159 10.534 10.534 10.534 10.987 10.987 10.987 10.764 10.764 10.764 10.459 10.459 10.459 10.234 10.234 10.234 9.484 9.484 9.484 8.917 8.917 8.917 8.443 8.443 8.443 7.563 7.563 7.563 6.063 6.063 6.063 6.929 6.929 6.929 7.990 7.990 7.990 9.490 9.490 9.490 10.821 10.821 10.821 9.321 9.321 9.321 8.260 8.260 8.260 8.930 8.930 8.930 7.430 7.430 7.430 8.180 8.180 8.180 9.046 9.046 9.046 10.106
7.296 8.190 8.190 8.190 8.757 8.757 8.757 9.428 9.428 9.428 9.832 9.832 9.832 10.159 10.159 10.159 10.534 10.534 10.534 10.987 10.987 10.987 10.764 10.764 10.764 10.459 10.459 10.459 10.234 10.234 10.234 9.484 9.484 9.484 8.917 8.917 8.917 8.443 8.443 8.443 7.563 7.563 7.563 6.063 6.063 6.063 6.929 6.929 6.929 7.990 7.990 7.990 9.490 9.490 9.490 10.821 10.821 10.821 9.321 9.321 9.321 8.260 8.260 8.260 8.930 8.930 8.930 7.430 7.430 7.430 8.180 8.180 8.180 9.046 9.046 9.046 10.106
7.296 8.190 8.190 8.190 8.757 8.757 8.757 9.428 9.428 9.428 9.832 9.832 9.832 10.159 10.159 10.159 10.534 10.534 10.534 10.987 10.987 10.987 10.764 10.764 10.764 10.459 10.459 10.459 10.234 10.234 10.234 9.484 9.484 9.484 8.917 8.917 8.917 8.443 8.443 8.443 7.563 7.563 7.563 6.063 6.063 6.063 6.929 6.929 6.929 7.990 7.990 7.990 9.490 9.490 9.490 10.821 10.821 10.821 9.321 9.321 9.321 8.260 8.260 8.260 8.930 8.930 8.930 7.430 7.430 7.430 8.180 8.180 8.180 9.046 9.046 9.046 10.106
6.190 6.690 6.690 6.690 7.257 7.257 7.257 7.928 7.928 7.928 8.794 8.794 8.794 9.855 9.855 9.855 11.355 11.355 11.355 10.764 10.764 10.764 9.264 9.264 9.264 8.959 8.959 8.959 8.997 8.997 8.997 8.644 8.644 8.644 8.317 8.317 8.317 8.010 8.010 8.010 7.501 7.501 7.501 6.001 6.001 6.001 6.867 6.867 6.867 7.927 7.927 7.927 9.427 9.427 9.427 10.254 10.254 10.254 8.754 8.754 8.754 7.693 7.693 7.693 8.303 8.303 8.303 7.211 7.211 7.211 7.961 7.961 7.961 8.827 8.827 8.827 9.888
6.190 6.690 6.690 6.690 7.257 7.257 7.257 7.928 7.928 7.928 8.794 8.794 8.794 9.855 9.855 9.855 11.355 11.355 11.355 10.764 10.764 10.764 9.264 9.264 9.264 8.959 8.959 8.959 8.997 8.997 8.997 8.644 8.644 8.644 8.317 8.317 8.317 8.010 8.010 8.010 7.501 7.501 7.501 6.001 6.001 6.001 6.867 6.867 6.867 7.927 7.927 7.927 9.427 9.427 9.427 10.254 10.254 10.254 8.754 8.754 8.754 7.693 7.693 7.693 8.303 8.303 8.303 7.211 7.211 7.211 7.961 7.961 7.961 8.827 8.827 8.827 9.888
6.190 6.690 6.690 6.690 7.257 7.257 7.257 7.928 7.928 7.928 8.794 8.794 8.794 9.855 9.855 9.855 11.355 11.355 11.355 10.764 10.764 10.764 9.264 9.264 9.264 8.959 8.959 8.959 8.997 8.997 8.997 8.644 8.644 8.644 8.317 8.317 8.317 8.010 8.010 8.010 7.501 7.501 7.501 6.001 6.001 6.001 6.867 6.867 6.867 7.927 7.927 7.927 9.427 9.427 9.427 10.254 10.254 10.254 8.754 8.754 8.754 7.693 7.693 7.693 8.303 8.303 8.303 7.211 7.211 7.211 7.961 7.961 7.961 8.827 8.827 8.827 9.888
6.250 6.921 6.921 6.921 7.671 7.671 7.671 8.537 8.537 8.537 9.598 9.598 9.598 11.098 11.098 11.098 10.959 10.959 10.959 9.459 9.459 9.459 8.398 8.398 8.398 7.898 7.898 7.898 7.497 7.497 7.497 7.144 7.144 7.144 6.817 6.817 6.817 6.510 6.510 6.510 6.222 6.222 6.222 5.938 5.938 5.938 6.804 6.804 6.804 7.865 7.865 7.865 9.365 9.365 9.365 9.779 9.779 9.779 8.279 8.279 8.279 7.219 7.219 7.219 6.803 6.803 6.803 7.003 7.003 7.003 7.869 7.869 7.869 8.930 8.930 8.930 10.430
