last_chance_experiments/case3b_1_uniform_10m_2/output/topographicElevation_0.asc
nrows 600
cellsize 10.0
xllcorner 0.0
ncols 600
yllcorner 0.0
nodata_value -9999
[rows 340 to 373 of 600, columns 77 to 153 of 600]
6.470 4.970 4.970 4.970 6.470 6.470 6.470 7.561 7.561 7.561 6.061 6.061 6.061 6.927 6.927 6.927 7.987 7.987 7.987 9.487 9.487 9.487 8.646 8.646 8.646 7.146 7.146 7.146 6.926 6.926 6.926 6.950 6.950 6.950 6.586 6.586 6.586 6.217 6.217 6.217 4.717 4.717 4.717 5.757 5.757 5.757 4.818 4.818 4.818 4.640 4.640 4.640 4.586 4.586 4.586 4.423 4.423 4.423 4.898 4.898 4.898 3.914 3.914 3.914 3.959 3.959 3.959 3.812 3.812 3.812 3.669 3.669 3.669 3.413 3.413 3.413 4.913
6.470 4.970 4.970 4.970 6.470 6.470 6.470 7.561 7.561 7.561 6.061 6.061 6.061 6.927 6.927 6.927 7.987 7.987 7.987 9.487 9.487 9.487 8.646 8.646 8.646 7.146 7.146 7.146 6.926 6.926 6.926 6.950 6.950 6.950 6.586 6.586 6.586 6.217 6.217 6.217 4.717 4.717 4.717 5.757 5.757 5.757 4.818 4.818 4.818 4.640 4.640 4.640 4.586 4.586 4.586 4.423 4.423 4.423 4.898 4.898 4.898 3.914 3.914 3.914 3.959 3.959 3.959 3.812 3.812 3.812 3.669 3.669 3.669 3.413 3.413 3.413 4.913
6.258 4.758 4.758 4.758 6.258 6.258 6.258 6.563 6.563 6.563 5.686 5.686 5.686 7.186 7.186 7.186 7.784 7.784 7.784 8.397 8.397 8.397 7.896 7.896 7.896 6.396 6.396 6.396 5.866 5.866 5.866 5.450 5.450 5.450 5.086 5.086 5.086 4.758 4.758 4.758 4.452 4.452 4.452 4.257 4.257 4.257 4.068 4.068 4.068 3.890 3.890 3.890 3.720 3.720 3.720 3.556 3.556 3.556 3.398 3.398 3.398 3.243 3.243 3.243 3.093 3.093 3.093 2.946 2.946 2.946 2.803 2.803 2.803 2.663 2.663 2.663 3.889
6.258 4.758 4.758 4.758 6.258 6.258 6.258 6.563 6.563 6.563 5.686 5.686 5.686 7.186 7.186 7.186 7.784 7.784 7.784 8.397 8.397 8.397 7.896 7.896 7.896 6.396 6.396 6.396 5.866 5.866 5.866 5.450 5.450 5.450 5.086 5.086 5.086 4.758 4.758 4.758 4.452 4.452 4.452 4.257 4.257 4.257 4.068 4.068 4.068 3.890 3.890 3.890 3.720 3.720 3.720 3.556 3.556 3.556 3.398 3.398 3.398 3.243 3.243 3.243 3.093 3.093 3.093 2.946 2.946 2.946 2.803 2.803 2.803 2.663 2.663 2.663 3.889
6.258 4.758 4.758 4.758 6.258 6.258 6.258 6.563 6.563 6.563 5.686 5.686 5.686 7.186 7.186 7.186 7.784 7.784 7.784 8.397 8.397 8.397 7.896 7.896 7.896 6.396 6.396 6.396 5.866 5.866 5.866 5.450 5.450 5.450 5.086 5.086 5.086 4.758 4.758 4.758 4.452 4.452 4.452 4.257 4.257 4.257 4.068 4.068 4.068 3.890 3.890 3.890 3.720 3.720 3.720 3.556 3.556 3.556 3.398 3.398 3.398 3.243 3.243 3.243 3.093 3.093 3.093 2.946 2.946 2.946 2.803 2.803 2.803 2.663 2.663 2.663 3.889
6.052 4.552 4.552 4.552 4.805 4.805 4.805 5.063 5.063 5.063 5.332 5.332 5.332 5.784 5.784 5.784 6.284 6.284 6.284 6.897 6.897 6.897 8.397 8.397 8.397 7.457 7.457 7.457 6.926 6.926 6.926 6.510 6.510 6.510 6.146 6.146 6.146 5.819 5.819 5.819 5.513 5.513 5.513 5.318 5.318 5.318 4.934 4.934 4.934 4.951 4.951 4.951 4.781 4.781 4.781 4.617 4.617 4.617 4.898 4.898 4.898 4.743 4.743 4.743 4.593 4.593 4.593 4.446 4.446 4.446 4.025 4.025 4.025 2.525 2.525 2.525 2.389
6.052 4.552 4.552 4.552 4.805 4.805 4.805 5.063 5.063 5.063 5.332 5.332 5.332 5.784 5.784 5.784 6.284 6.284 6.284 6.897 6.897 6.897 8.397 8.397 8.397 7.457 7.457 7.457 6.926 6.926 6.926 6.510 6.510 6.510 6.146 6.146 6.146 5.819 5.819 5.819 5.513 5.513 5.513 5.318 5.318 5.318 4.934 4.934 4.934 4.951 4.951 4.951 4.781 4.781 4.781 4.617 4.617 4.617 4.898 4.898 4.898 4.743 4.743 4.743 4.593 4.593 4.593 4.446 4.446 4.446 4.025 4.025 4.025 2.525 2.525 2.525 2.389
6.052 4.552 4.552 4.552 4.805 4.805 4.805 5.063 5.063 5.063 5.332 5.332 5.332 5.784 5.784 5.784 6.284 6.284 6.284 6.897 6.897 6.897 8.397 8.397 8.397 7.457 7.457 7.457 6.926 6.926 6.926 6.510 6.510 6.510 6.146 6.146 6.146 5.819 5.819 5.819 5.513 5.513 5.513 5.318 5.318 5.318 4.934 4.934 4.934 4.951 4.951 4.951 4.781 4.781 4.781 4.617 4.617 4.617 4.898 4.898 4.898 4.743 4.743 4.743 4.593 4.593 4.593 4.446 4.446 4.446 4.025 4.025 4.025 2.525 2.525 2.525 2.389
5.880 4.394 4.394 4.394 5.894 5.894 5.894 6.563 6.563 6.563 6.832 6.832 6.832 7.284 7.284 7.284 7.784 7.784 7.784 7.763 7.763 7.763 9.263 9.263 9.263 8.957 8.957 8.957 8.426 8.426 8.426 8.010 8.010 8.010 7.646 7.646 7.646 7.319 7.319 7.319 7.013 7.013 7.013 6.818 6.818 6.818 5.995 5.995 5.995 6.451 6.451 6.451 6.281 6.281 6.281 6.117 6.117 6.117 6.122 6.122 6.122 5.622 5.622 5.622 5.206 5.206 5.206 4.843 4.843 4.843 4.507 4.507 4.507 3.754 3.754 3.754 2.254
5.880 4.394 4.394 4.394 5.894 5.894 5.894 6.563 6.563 6.563 6.832 6.832 6.832 7.284 7.284 7.284 7.784 7.784 7.784 7.763 7.763 7.763 9.263 9.263 9.263 8.957 8.957 8.957 8.426 8.426 8.426 8.010 8.010 8.010 7.646 7.646 7.646 7.319 7.319 7.319 7.013 7.013 7.013 6.818 6.818 6.818 5.995 5.995 5.995 6.451 6.451 6.451 6.281 6.281 6.281 6.117 6.117 6.117 6.122 6.122 6.122 5.622 5.622 5.622 5.206 5.206 5.206 4.843 4.843 4.843 4.507 4.507 4.507 3.754 3.754 3.754 2.254
5.880 4.394 4.394 4.394 5.894 5.894 5.894 6.563 6.563 6.563 6.832 6.832 6.832 7.284 7.284 7.284 7.784 7.784 7.784 7.763 7.763 7.763 9.263 9.263 9.263 8.957 8.957 8.957 8.426 8.426 8.426 8.010 8.010 8.010 7.646 7.646 7.646 7.319 7.319 7.319 7.013 7.013 7.013 6.818 6.818 6.818 5.995 5.995 5.995 6.451 6.451 6.451 6.281 6.281 6.281 6.117 6.117 6.117 6.122 6.122 6.122 5.622 5.622 5.622 5.206 5.206 5.206 4.843 4.843 4.843 4.507 4.507 4.507 3.754 3.754 3.754 2.254
4.380 4.237 4.237 4.237 4.908 4.908 4.908 5.658 5.658 5.658 6.524 6.524 6.524 7.585 7.585 7.585 9.085 9.085 9.085 9.263 9.263 9.263 10.462 10.462 10.462 8.962 8.962 8.962 9.099 9.099 9.099 8.599 8.599 8.599 8.923 8.923 8.923 7.423 7.423 7.423 8.090 8.090 8.090 7.439 7.439 7.439 7.495 7.495 7.495 7.659 7.659 7.659 6.159 6.159 6.159 5.293 5.293 5.293 4.622 4.622 4.622 4.122 4.122 4.122 3.706 3.706 3.706 3.343 3.343 3.343 3.007 3.007 3.007 2.694 2.694 2.694 2.394
4.380 4.237 4.237 4.237 4.908 4.908 4.908 5.658 5.658 5.658 6.524 6.524 6.524 7.585 7.585 7.585 9.085 9.085 9.085 9.263 9.263 9.263 10.462 10.462 10.462 8.962 8.962 8.962 9.099 9.099 9.099 8.599 8.599 8.599 8.923 8.923 8.923 7.423 7.423 7.423 8.090 8.090 8.090 7.439 7.439 7.439 7.495 7.495 7.495 7.659 7.659 7.659 6.159 6.159 6.159 5.293 5.293 5.293 4.622 4.622 4.622 4.122 4.122 4.122 3.706 3.706 3.706 3.343 3.343 3.343 3.007 3.007 3.007 2.694 2.694 2.694 2.394
4.380 4.237 4.237 4.237 4.908 4.908 4.908 5.658 5.658 5.658 6.524 6.524 6.524 7.585 7.585 7.585 9.085 9.085 9.085 9.263 9.263 9.263 10.462 10.462 10.462 8.962 8.962 8.962 9.099 9.099 9.099 8.599 8.599 8.599 8.923 8.923 8.923 7.423 7.423 7.423 8.090 8.090 8.090 7.439 7.439 7.439 7.495 7.495 7.495 7.659 7.659 7.659 6.159 6.159 6.159 5.293 5.293 5.293 4.622 4.622 4.622 4.122 4.122 4.122 3.706 3.706 3.706 3.343 3.343 3.343 3.007 3.007 3.007 2.694 2.694 2.694 2.394
5.634 4.134 4.134 4.134 5.634 5.634 5.634 6.319 6.319 6.319 6.771 6.771 6.771 7.301 7.301 7.301 7.972 7.972 7.972 9.033 9.033 9.033 9.401 9.401 9.401 7.901 7.901 7.901 7.599 7.599 7.599 7.099 7.099 7.099 7.863 7.863 7.863 6.363 6.363 6.363 6.590 6.590 6.590 5.939 5.939 5.939 7.439 7.439 7.439 8.189 8.189 8.189 7.659 7.659 7.659 6.793 6.793 6.793 5.683 5.683 5.683 5.183 5.183 5.183 4.767 4.767 4.767 4.843 4.843 4.843 4.507 4.507 4.507 4.194 4.194 4.194 3.581
5.634 4.134 4.134 4.134 5.634 5.634 5.634 6.319 6.319 6.319 6.771 6.771 6.771 7.301 7.301 7.301 7.972 7.972 7.972 9.033 9.033 9.033 9.401 9.401 9.401 7.901 7.901 7.901 7.599 7.599 7.599 7.099 7.099 7.099 7.863 7.863 7.863 6.363 6.363 6.363 6.590 6.590 6.590 5.939 5.939 5.939 7.439 7.439 7.439 8.189 8.189 8.189 7.659 7.659 7.659 6.793 6.793 6.793 5.683 5.683 5.683 5.183 5.183 5.183 4.767 4.767 4.767 4.843 4.843 4.843 4.507 4.507 4.507 4.194 4.194 4.194 3.581
5.634 4.134 4.134 4.134 5.634 5.634 5.634 6.319 6.319 6.319 6.771 6.771 6.771 7.301 7.301 7.301 7.972 7.972 7.972 9.033 9.033 9.033 9.401 9.401 9.401 7.901 7.901 7.901 7.599 7.599 7.599 7.099 7.099 7.099 7.863 7.863 7.863 6.363 6.363 6.363 6.590 6.590 6.590 5.939 5.939 5.939 7.439 7.439 7.439 8.189 8.189 8.189 7.659 7.659 7.659 6.793 6.793 6.793 5.683 5.683 5.683 5.183 5.183 5.183 4.767 4.767 4.767 4.843 4.843 4.843 4.507 4.507 4.507 4.194 4.194 4.194 3.581
4.897 4.031 4.031 4.031 4.418 4.418 4.418 4.819 4.819 4.819 5.271 5.271 5.271 5.801 5.801 5.801 6.472 6.472 6.472 7.533 7.533 7.533 8.651 8.651 8.651 7.151 7.151 7.151 6.539 6.539 6.539 6.039 6.039 6.039 6.762 6.762 6.762 5.613 5.613 5.613 5.529 5.529 5.529 5.073 5.073 5.073 6.573 6.573 6.573 6.689 6.689 6.689 7.343 7.343 7.343 7.078 7.078 7.078 7.183 7.183 7.183 6.683 6.683 6.683 6.267 6.267 6.267 6.238 6.238 6.238 4.738 4.738 4.738 3.677 3.677 3.677 2.811
4.897 4.031 4.031 4.031 4.418 4.418 4.418 4.819 4.819 4.819 5.271 5.271 5.271 5.801 5.801 5.801 6.472 6.472 6.472 7.533 7.533 7.533 8.651 8.651 8.651 7.151 7.151 7.151 6.539 6.539 6.539 6.039 6.039 6.039 6.762 6.762 6.762 5.613 5.613 5.613 5.529 5.529 5.529 5.073 5.073 5.073 6.573 6.573 6.573 6.689 6.689 6.689 7.343 7.343 7.343 7.078 7.078 7.078 7.183 7.183 7.183 6.683 6.683 6.683 6.267 6.267 6.267 6.238 6.238 6.238 4.738 4.738 4.738 3.677 3.677 3.677 2.811
4.897 4.031 4.031 4.031 4.418 4.418 4.418 4.819 4.819 4.819 5.271 5.271 5.271 5.801 5.801 5.801 6.472 6.472 6.472 7.533 7.533 7.533 8.651 8.651 8.651 7.151 7.151 7.151 6.539 6.539 6.539 6.039 6.039 6.039 6.762 6.762 6.762 5.613 5.613 5.613 5.529 5.529 5.529 5.073 5.073 5.073 6.573 6.573 6.573 6.689 6.689 6.689 7.343 7.343 7.343 7.078 7.078 7.078 7.183 7.183 7.183 6.683 6.683 6.683 6.267 6.267 6.267 6.238 6.238 6.238 4.738 4.738 4.738 3.677 3.677 3.677 2.811
4.603 3.932 3.932 3.932 5.432 5.432 5.432 6.319 6.319 6.319 6.771 6.771 6.771 7.301 7.301 7.301 7.972 7.972 7.972 8.910 8.910 8.910 8.643 8.643 8.643 7.143 7.143 7.143 6.277 6.277 6.277 5.606 5.606 5.606 5.262 5.262 5.262 4.942 4.942 4.942 4.663 4.663 4.663 4.402 4.402 4.402 5.902 5.902 5.902 5.629 5.629 5.629 5.843 5.843 5.843 5.578 5.578 5.578 7.078 7.078 7.078 7.502 7.502 7.502 6.002 6.002 6.002 4.941 4.941 4.941 4.075 4.075 4.075 3.325 3.325 3.325 2.654
4.603 3.932 3.932 3.932 5.432 5.432 5.432 6.319 6.319 6.319 6.771 6.771 6.771 7.301 7.301 7.301 7.972 7.972 7.972 8.910 8.910 8.910 8.643 8.643 8.643 7.143 7.143 7.143 6.277 6.277 6.277 5.606 5.606 5.606 5.262 5.262 5.262 4.942 4.942 4.942 4.663 4.663 4.663 4.402 4.402 4.402 5.902 5.902 5.902 5.629 5.629 5.629 5.843 5.843 5.843 5.578 5.578 5.578 7.078 7.078 7.078 7.502 7.502 7.502 6.002 6.002 6.002 4.941 4.941 4.941 4.075 4.075 4.075 3.325 3.325 3.325 2.654
4.603 3.932 3.932 3.932 5.432 5.432 5.432 6.319 6.319 6.319 6.771 6.771 6.771 7.301 7.301 7.301 7.972 7.972 7.972 8.910 8.910 8.910 8.643 8.643 8.643 7.143 7.143 7.143 6.277 6.277 6.277 5.606 5.606 5.606 5.262 5.262 5.262 4.942 4.942 4.942 4.663 4.663 4.663 4.402 4.402 4.402 5.902 5.902 5.902 5.629 5.629 5.629 5.843 5.843 5.843 5.578 5.578 5.578 7.078 7.078 7.078 7.502 7.502 7.502 6.002 6.002 6.002 4.941 4.941 4.941 4.075 4.075 4.075 3.325 3.325 3.325 2.654
4.506 3.835 3.835 3.835 5.335 5.335 5.335 6.124 6.124 6.124 6.654 6.654 6.654 7.325 7.325 7.325 8.386 8.386 8.386 7.410 7.410 7.410 8.910 8.910 8.910 8.643 8.643 8.643 7.777 7.777 7.777 7.106 7.106 7.106 6.762 6.762 6.762 6.442 6.442 6.442 5.665 5.665 5.665 4.165 4.165 4.165 5.665 5.665 5.665 4.763 4.763 4.763 4.782 4.782 4.782 4.712 4.712 4.712 5.772 5.772 5.772 7.272 7.272 7.272 6.870 6.870 6.870 5.370 5.370 5.370 4.309 4.309 4.309 3.443 3.443 3.443 2.693
4.506 3.835 3.835 3.835 5.335 5.335 5.335 6.124 6.124 6.124 6.654 6.654 6.654 7.325 7.325 7.325 8.386 8.386 8.386 7.410 7.410 7.410 8.910 8.910 8.910 8.643 8.643 8.643 7.777 7.777 7.777 7.106 7.106 7.106 6.762 6.762 6.762 6.442 6.442 6.442 5.665 5.665 5.665 4.165 4.165 4.165 5.665 5.665 5.665 4.763 4.763 4.763 4.782 4.782 4.782 4.712 4.712 4.712 5.772 5.772 5.772 7.272 7.272 7.272 6.870 6.870 6.870 5.370 5.370 5.370 4.309 4.309 4.309 3.443 3.443 3.443 2.693
4.506 3.835 3.835 3.835 5.335 5.335 5.335 6.124 6.124 6.124 6.654 6.654 6.654 7.325 7.325 7.325 8.386 8.386 8.386 7.410 7.410 7.410 8.910 8.910 8.910 8.643 8.643 8.643 7.777 7.777 7.777 7.106 7.106 7.106 6.762 6.762 6.762 6.442 6.442 6.442 5.665 5.665 5.665 4.165 4.165 4.165 5.665 5.665 5.665 4.763 4.763 4.763 4.782 4.782 4.782 4.712 4.712 4.712 5.772 5.772 5.772 7.272 7.272 7.272 6.870 6.870 6.870 5.370 5.370 5.370 4.309 4.309 4.309 3.443 3.443 3.443 2.693
4.410 3.739 3.739 3.739 4.172 4.172 4.172 4.624 4.624 4.624 5.154 5.154 5.154 5.825 5.825 5.825 6.886 6.886 6.886 6.544 6.544 6.544 8.044 8.044 8.044 8.910 8.910 8.910 7.410 7.410 7.410 6.349 6.349 6.349 6.416 6.416 6.416 5.964 5.964 5.964 5.436 5.436 5.436 3.936 3.936 3.936 5.025 5.025 5.025 4.013 4.013 4.013 3.916 3.916 3.916 4.099 4.099 4.099 5.160 5.160 5.160 6.660 6.660 6.660 7.322 7.322 7.322 6.180 6.180 6.180 4.680 4.680 4.680 3.619 3.619 3.619 2.753
4.410 3.739 3.739 3.739 4.172 4.172 4.172 4.624 4.624 4.624 5.154 5.154 5.154 5.825 5.825 5.825 6.886 6.886 6.886 6.544 6.544 6.544 8.044 8.044 8.044 8.910 8.910 8.910 7.410 7.410 7.410 6.349 6.349 6.349 6.416 6.416 6.416 5.964 5.964 5.964 5.436 5.436 5.436 3.936 3.936 3.936 5.025 5.025 5.025 4.013 4.013 4.013 3.916 3.916 3.916 4.099 4.099 4.099 5.160 5.160 5.160 6.660 6.660 6.660 7.322 7.322 7.322 6.180 6.180 6.180 4.680 4.680 4.680 3.619 3.619 3.619 2.753
4.410 3.739 3.739 3.739 4.172 4.172 4.172 4.624 4.624 4.624 5.154 5.154 5.154 5.825 5.825 5.825 6.886 6.886 6.886 6.544 6.544 6.544 8.044 8.044 8.044 8.910 8.910 8.910 7.410 7.410 7.410 6.349 6.349 6.349 6.416 6.416 6.416 5.964 5.964 5.964 5.436 5.436 5.436 3.936 3.936 3.936 5.025 5.025 5.025 4.013 4.013 4.013 3.916 3.916 3.916 4.099 4.099 4.099 5.160 5.160 5.160 6.660 6.660 6.660 7.322 7.322 7.322 6.180 6.180 6.180 4.680 4.680 4.680 3.619 3.619 3.619 2.753
4.512 3.646 3.646 3.646 5.146 5.146 5.146 6.124 6.124 6.124 6.654 6.654 6.654 7.325 7.325 7.325 7.373 7.373 7.373 5.873 5.873 5.873 7.373 7.373 7.373 8.044 8.044 8.044 6.544 6.544 6.544 5.483 5.483 5.483 4.916 4.916 4.916 4.464 4.464 4.464 4.076 4.076 4.076 3.713 3.713 3.713 3.525 3.525 3.525 3.342 3.342 3.342 3.166 3.166 3.166 3.599 3.599 3.599 4.660 4.660 4.660 6.160 6.160 6.160 5.822 5.822 5.822 6.160 6.160 6.160 4.660 4.660 4.660 3.600 3.600 3.600 2.734
4.512 3.646 3.646 3.646 5.146 5.146 5.146 6.124 6.124 6.124 6.654 6.654 6.654 7.325 7.325 7.325 7.373 7.373 7.373 5.873 5.873 5.873 7.373 7.373 7.373 8.044 8.044 8.044 6.544 6.544 6.544 5.483 5.483 5.483 4.916 4.916 4.916 4.464 4.464 4.464 4.076 4.076 4.076 3.713 3.713 3.713 3.525 3.525 3.525 3.342 3.342 3.342 3.166 3.166 3.166 3.599 3.599 3.599 4.660 4.660 4.660 6.160 6.160 6.160 5.822 5.822 5.822 6.160 6.160 6.160 4.660 4.660 4.660 3.600 3.600 3.600 2.734
4.512 3.646 3.646 3.646 5.146 5.146 5.146 6.124 6.124 6.124 6.654 6.654 6.654 7.325 7.325 7.325 7.373 7.373 7.373 5.873 5.873 5.873 7.373 7.373 7.373 8.044 8.044 8.044 6.544 6.544 6.544 5.483 5.483 5.483 4.916 4.916 4.916 4.464 4.464 4.464 4.076 4.076 4.076 3.713 3.713 3.713 3.525 3.525 3.525 3.342 3.342 3.342 3.166 3.166 3.166 3.599 3.599 3.599 4.660 4.660 4.660 6.160 6.160 6.160 5.822 5.822 5.822 6.160 6.160 6.160 4.660 4.660 4.660 3.600 3.600 3.600 2.734
4.615 3.555 3.555 3.555 4.305 4.305 4.305 5.171 5.171 5.171 6.231 6.231 6.231 7.731 7.731 7.731 6.843 6.843 6.843 5.343 5.343 5.343 6.843 6.843 6.843 8.139 8.139 8.139 6.639 6.639 6.639 6.983 6.983 6.983 5.977 5.977 5.977 5.524 5.524 5.524 5.576 5.576 5.576 5.213 5.213 5.213 5.025 5.025 5.025 4.508 4.508 4.508 3.008 3.008 3.008 4.069 4.069 4.069 5.569 5.569 5.569 6.262 6.262 6.262 4.762 4.762 4.762 6.262 6.262 6.262 5.830 5.830 5.830 4.330 4.330 4.330 3.464
4.615 3.555 3.555 3.555 4.305 4.305 4.305 5.171 5.171 5.171 6.231 6.231 6.231 7.731 7.731 7.731 6.843 6.843 6.843 5.343 5.343 5.343 6.843 6.843 6.843 8.139 8.139 8.139 6.639 6.639 6.639 6.983 6.983 6.983 5.977 5.977 5.977 5.524 5.524 5.524 5.576 5.576 5.576 5.213 5.213 5.213 5.025 5.025 5.025 4.508 4.508 4.508 3.008 3.008 3.008 4.069 4.069 4.069 5.569 5.569 5.569 6.262 6.262 6.262 4.762 4.762 4.762 6.262 6.262 6.262 5.830 5.830 5.830 4.330 4.330 4.330 3.464
