3DepDEMs/lc3_dem.asc
ncols         350
nrows         507
xllcorner     525757.87396384
yllcorner     3564060.5727378
cellsize      10
NODATA_value  -9999
[rows 68 to 101 of 507, columns 154 to 230 of 350]
-9999 -9999 -9999 -9999 -9999 -9999 -9999 -9999 -9999 -9999 -9999 -9999 -9999 -9999 -9999 -9999 -9999 -9999 -9999 -9999 -9999 -9999 -9999 -9999 -9999 -9999 -9999 -9999 -9999 -9999 -9999 -9999 -9999 -9999 -9999 -9999 -9999 -9999 -9999 -9999 -9999 -9999 -9999 -9999 -9999 -9999 -9999 -9999 -9999 -9999 -9999 -9999 -9999 -9999 1591.781 1590.541 1588.464 1585.652 1582.795 1579.818 1576.554 1573.334 1569.578 1565.867 1561.972 1557.565 1552.784 1547.563 1540.981 1532.011 1524.093 1517.633 1511.49 1505.622 1500.089 1495.294 1490.732
-9999 -9999 -9999 -9999 -9999 -9999 -9999 -9999 -9999 -9999 -9999 -9999 -9999 -9999 -9999 -9999 -9999 -9999 -9999 -9999 -9999 -9999 -9999 -9999 -9999 -9999 -9999 -9999 -9999 -9999 -9999 -9999 -9999 -9999 -9999 -9999 -9999 -9999 -9999 -9999 -9999 -9999 -9999 -9999 -9999 -9999 -9999 -9999 -9999 -9999 -9999 -9999 -9999 1593.967 1592.713 1591.05 1588.914 1585.697 1582.636 1579.541 1576.069 1572.642 1568.869 1565.077 1561.502 1558.034 1554.439 1550.743 1548.202 1539.772 1529.329 1521.07 1515.472 1509.46 1503.239 1498.116 1490.579
-9999 -9999 -9999 -9999 -9999 -9999 -9999 -9999 -9999 -9999 -9999 -9999 -9999 -9999 -9999 -9999 -9999 -9999 -9999 -9999 -9999 -9999 -9999 -9999 -9999 -9999 -9999 -9999 -9999 -9999 -9999 -9999 -9999 -9999 -9999 -9999 -9999 -9999 -9999 -9999 -9999 -9999 -9999 -9999 -9999 -9999 -9999 -9999 -9999 -9999 -9999 -9999 -9999 1595.134 1593.468 1591.351 1589.024 1585.591 1582.363 1579.056 1575.567 1571.963 1568.129 1564.369 1560.819 1557.519 1554.043 1550.576 1548.096 1545.319 1536.443 1523.687 1516.407 1510.038 1502.789 1495.986 1488
-9999 -9999 -9999 -9999 -9999 -9999 -9999 -9999 -9999 -9999 -9999 -9999 -9999 -9999 -9999 -9999 -9999 -9999 -9999 -9999 -9999 -9999 -9999 -9999 -9999 -9999 -9999 -9999 -9999 -9999 -9999 -9999 -9999 -9999 -9999 -9999 -9999 -9999 -9999 -9999 -9999 -9999 -9999 -9999 -9999 -9999 -9999 -9999 -9999 -9999 -9999 -9999 1598.245 1596.217 1594.097 1591.633 1589.047 1585.475 1582.093 1578.608 1575.167 1571.485 1567.47 1563.625 1560.165 1556.651 1553.252 1550.133 1547.385 1543.283 1531.865 1521.197 1514.353 1507.113 1500.353 1493.839 1487.042
-9999 -9999 -9999 -9999 -9999 -9999 -9999 -9999 -9999 -9999 -9999 -9999 -9999 -9999 -9999 -9999 -9999 -9999 -9999 -9999 -9999 -9999 -9999 -9999 -9999 -9999 -9999 -9999 -9999 -9999 -9999 -9999 -9999 -9999 -9999 -9999 -9999 -9999 -9999 -9999 -9999 -9999 -9999 -9999 -9999 -9999 -9999 -9999 -9999 -9999 -9999 1601.694 1599.864 1597.288 1594.666 1591.949 1589.147 1585.458 1581.98 1578.386 1574.832 1571.071 1566.951 1563.043 1559.537 1555.966 1552.517 1549.449 1545.914 1536.823 1526.752 1519.75 1512.503 1504.971 1498.333 1491.886 1485.426
-9999 -9999 -9999 -9999 -9999 -9999 -9999 -9999 -9999 -9999 -9999 -9999 -9999 -9999 -9999 -9999 -9999 -9999 -9999 -9999 -9999 -9999 -9999 -9999 -9999 -9999 -9999 -9999 -9999 -9999 -9999 -9999 -9999 -9999 -9999 -9999 -9999 -9999 -9999 -9999 -9999 -9999 -9999 -9999 -9999 -9999 -9999 -9999 -9999 -9999 1604.1 1603.108 1601.242 1598.215 1595.142 1592.275 1589.287 1585.567 1581.989 1578.259 1574.691 1570.739 1566.583 1562.675 1558.945 1555.303 1551.774 1548.823 1544.329 1533.158 1525.745 1519.515 1512.413 1505.382 1498.788 1492.7 1486.656
-9999 -9999 -9999 -9999 -9999 -9999 -9999 -9999 -9999 -9999 -9999 -9999 -9999 -9999 -9999 -9999 -9999 -9999 -9999 -9999 -9999 -9999 -9999 -9999 -9999 -9999 -9999 -9999 -9999 -9999 -9999 -9999 -9999 -9999 -9999 -9999 -9999 -9999 -9999 -9999 -9999 -9999 -9999 -9999 -9999 -9999 -9999 -9999 -9999 -9999 1605.5 1604.09 1602.102 1599.168 1595.69 1592.611 1589.473 1585.818 1582.281 1578.436 1574.769 1570.801 1566.469 1562.509 1558.757 1555.018 1551.106 1548.262 1543.814 1533.222 1526.336 1520.228 1513.016 1506.828 1500.936 1494.729 1488.869
-9999 -9999 -9999 -9999 -9999 -9999 -9999 -9999 -9999 -9999 -9999 -9999 -9999 -9999 -9999 -9999 -9999 -9999 -9999 -9999 -9999 -9999 -9999 -9999 -9999 -9999 -9999 -9999 -9999 -9999 -9999 -9999 -9999 -9999 -9999 -9999 -9999 -9999 -9999 -9999 -9999 -9999 -9999 -9999 -9999 -9999 -9999 -9999 -9999 1608.305 1606.935 1605.156 1602.989 1599.976 1596.32 1593.094 1589.955 1586.266 1582.706 1578.935 1575.001 1571.024 1566.768 1562.872 1559.122 1555.447 1551.829 1549.054 1546.572 1538.289 1529.641 1523.055 1516.504 1510.16 1503.874 1497.629 1491.174
-9999 -9999 -9999 -9999 -9999 -9999 -9999 -9999 -9999 -9999 -9999 -9999 -9999 -9999 -9999 -9999 -9999 -9999 -9999 -9999 -9999 -9999 -9999 -9999 -9999 -9999 -9999 -9999 -9999 -9999 -9999 -9999 -9999 -9999 -9999 -9999 -9999 -9999 -9999 -9999 -9999 -9999 -9999 -9999 -9999 -9999 -9999 -9999 1610.466 1609.638 1608.212 1606.106 1603.728 1600.69 1597.118 1593.771 1590.581 1586.842 1583.258 1579.657 1575.64 1571.824 1567.678 1563.644 1560.082 1556.56 1553.411 1550.526 1548.105 1543.94 1535.948 1525.897 1519.324 1512.534 1505.673 1498.952 1492.203
-9999 -9999 -9999 -9999 -9999 -9999 -9999 -9999 -9999 -9999 -9999 -9999 -9999 -9999 -9999 -9999 -9999 -9999 -9999 -9999 -9999 -9999 -9999 -9999 -9999 -9999 -9999 -9999 -9999 -9999 -9999 -9999 -9999 -9999 -9999 -9999 -9999 -9999 -9999 -9999 -9999 -9999 -9999 -9999 -9999 -9999 -9999 -9999 1612.037 1610.436 1609.113 1606.871 1604.39 1601.401 1597.883 1594.515 1591.284 1587.816 1584.113 1580.627 1576.707 1572.734 1568.779 1564.719 1561.159 1557.868 1554.709 1551.63 1549.137 1546.774 1540.405 1528.38 1521.105 1514.222 1507.15 1500.094 1491.684
-9999 -9999 -9999 -9999 -9999 -9999 -9999 -9999 -9999 -9999 -9999 -9999 -9999 -9999 -9999 -9999 -9999 -9999 -9999 -9999 -9999 -9999 -9999 -9999 -9999 -9999 -9999 -9999 -9999 -9999 -9999 -9999 -9999 -9999 -9999 -9999 -9999 -9999 -9999 -9999 -9999 -9999 -9999 -9999 -9999 -9999 -9999 1615.67 1613.975 1611.811 1609.81 1607.64 1605.044 1602.154 1598.565 1595.37 1592.131 1588.817 1585.021 1581.638 1577.823 1574.02 1570.088 1566.047 1562.308 1558.98 1555.688 1552.611 1549.793 1547.731 1540.3 1527.413 1520.435 1514.626 1504.135 1494.137 1485.7
-9999 -9999 -9999 -9999 -9999 -9999 -9999 -9999 -9999 -9999 -9999 -9999 -9999 -9999 -9999 -9999 -9999 -9999 -9999 -9999 -9999 -9999 -9999 -9999 -9999 -9999 -9999 -9999 -9999 -9999 -9999 -9999 -9999 -9999 -9999 -9999 -9999 -9999 -9999 -9999 -9999 -9999 -9999 -9999 -9999 -9999 1618.061 1616.871 1615.236 1612.922 1610.351 1608.331 1605.653 1602.801 1599.346 1596.129 1593.026 1589.806 1586.127 1582.581 1579.099 1575.353 1571.627 1567.333 1563.362 1559.92 1556.357 1553.164 1549.876 1545.226 1531.45 1523.687 1515.804 1508.888 1499.529 1492.212 1487.864
-9999 -9999 -9999 -9999 -9999 -9999 -9999 -9999 -9999 -9999 -9999 -9999 -9999 -9999 -9999 -9999 -9999 -9999 -9999 -9999 -9999 -9999 -9999 -9999 -9999 -9999 -9999 -9999 -9999 -9999 -9999 -9999 -9999 -9999 -9999 -9999 -9999 -9999 -9999 -9999 -9999 -9999 -9999 -9999 -9999 1620.042 1618.944 1617.499 1615.934 1613.568 1610.892 1608.863 1606.227 1603.401 1600.283 1596.996 1593.918 1590.726 1587.259 1583.722 1580.502 1576.611 1572.889 1568.384 1564.227 1560.338 1556.513 1552.625 1549.36 1541.091 1529.513 1522.625 1514.809 1507.228 1500.463 1494.24 1490.655
-9999 -9999 -9999 -9999 -9999 -9999 -9999 -9999 -9999 -9999 -9999 -9999 -9999 -9999 -9999 -9999 -9999 -9999 -9999 -9999 -9999 -9999 -9999 -9999 -9999 -9999 -9999 -9999 -9999 -9999 -9999 -9999 -9999 -9999 -9999 -9999 -9999 -9999 -9999 -9999 -9999 -9999 -9999 -9999 1621.396 1620.405 1619.241 1617.594 1616.057 1613.796 1610.965 1609.086 1606.66 1603.839 1600.924 1597.743 1594.643 1591.555 1588.348 1584.876 1581.6 1577.789 1573.826 1569.025 1564.359 1560.185 1556.029 1551.661 1547.316 1534.524 1526.125 1519.991 1512.763 1506.39 1501.139 1497.284 1492.572
-9999 -9999 -9999 -9999 -9999 -9999 -9999 -9999 -9999 -9999 -9999 -9999 -9999 -9999 -9999 -9999 -9999 -9999 -9999 -9999 -9999 -9999 -9999 -9999 -9999 -9999 -9999 -9999 -9999 -9999 -9999 -9999 -9999 -9999 -9999 1631.607 1630.046 1629.295 1628.303 1627.29 1626.166 1625.089 1623.695 1622.575 1621.345 1620.125 1618.812 1617.19 1615.403 1613.356 1610.83 1609.119 1606.896 1604.262 1601.373 1598.187 1595.324 1592.355 1589.222 1585.779 1582.504 1578.679 1574.357 1569.139 1563.969 1559.511 1554.794 1549.875 1540.415 1528.007 1522.198 1516.307 1509.943 1504.416 1500.039 1497.657 1495.51
-9999 -9999 -9999 -9999 -9999 -9999 -9999 -9999 -9999 -9999 -9999 -9999 -9999 -9999 -9999 -9999 -9999 -9999 -9999 -9999 -9999 -9999 -9999 -9999 -9999 -9999 -9999 -9999 -9999 -9999 1636.757 1636.01 1635.165 1634.041 1632.93 1631.688 1630.089 1629.214 1628.242 1627.201 1626.036 1624.774 1623.208 1622.045 1620.696 1619.277 1617.749 1616.122 1614.194 1612.26 1610.409 1608.829 1606.732 1604.406 1601.645 1598.436 1595.547 1592.821 1589.808 1586.287 1582.935 1578.89 1574.287 1568.509 1563.412 1558.577 1553.355 1545.956 1534.225 1526.081 1519.521 1513.409 1508.133 1503.865 1499.792 1499.27 1500.866
-9999 -9999 -9999 -9999 -9999 -9999 -9999 -9999 -9999 -9999 -9999 -9999 -9999 -9999 -9999 -9999 -9999 -9999 -9999 -9999 -9999 -9999 -9999 -9999 -9999 -9999 -9999 -9999 1637.69 1637.364 1636.8 1636.084 1635.224 1633.993 1632.784 1631.256 1629.841 1628.915 1627.859 1626.699 1625.385 1623.904 1622.488 1621.029 1619.542 1618.015 1616.381 1614.425 1612.705 1610.937 1609.649 1608.095 1606.129 1604.053 1601.544 1598.451 1595.585 1592.956 1589.99 1586.552 1583.047 1578.823 1573.971 1568.072 1562.882 1557.663 1552.127 1542.614 1531.589 1524.784 1518.436 1512.469 1507.406 1503.743 1501.011 1501.963 1506.05
-9999 -9999 -9999 -9999 -9999 -9999 -9999 -9999 -9999 -9999 -9999 -9999 -9999 -9999 -9999 -9999 -9999 -9999 -9999 -9999 -9999 -9999 -9999 -9999 -9999 -9999 -9999 1637.926 1637.681 1637.14 1636.595 1635.704 1634.702 1633.48 1632.027 1630.38 1629.349 1628.257 1627.083 1625.741 1624.182 1622.677 1621.24 1619.658 1618.133 1616.436 1614.563 1612.896 1611.162 1610.023 1608.591 1606.886 1605.045 1603.298 1600.912 1598.084 1595.372 1592.696 1589.856 1586.262 1582.794 1578.27 1573.362 1567.89 1562.69 1557.424 1551.824 1544.623 1531.606 1524.267 1517.881 1512.08 1507.654 1504.483 1502.602 1507.279 1511.929
-9999 -9999 -9999 -9999 -9999 -9999 -9999 -9999 -9999 -9999 -9999 -9999 -9999 -9999 -9999 -9999 -9999 -9999 -9999 -9999 -9999 -9999 -9999 -9999 -9999 -9999 1638.227 1638.008 1637.488 1636.791 1636.009 1635.048 1633.896 1632.523 1630.89 1629.615 1628.619 1627.383 1625.959 1624.463 1622.794 1621.339 1619.718 1618.033 1616.289 1614.46 1612.849 1611.165 1609.962 1608.691 1607.229 1605.41 1603.827 1602.18 1599.941 1597.312 1594.867 1592.22 1589.216 1585.784 1582.249 1577.903 1573.196 1567.791 1562.758 1557.541 1551.969 1546.11 1534.664 1526.689 1518.418 1512.248 1508.714 1505.708 1504.331 1511.564 1518.432
-9999 -9999 -9999 -9999 -9999 -9999 -9999 -9999 -9999 -9999 -9999 -9999 -9999 -9999 -9999 -9999 -9999 -9999 -9999 -9999 -9999 -9999 -9999 -9999 -9999 1638.528 1638.284 1637.856 1637.145 1636.266 1635.295 1634.135 1632.806 1631.287 1629.74 1628.783 1627.449 1626.009 1624.571 1622.792 1621.139 1619.515 1617.903 1616.169 1614.4 1612.604 1611.045 1609.846 1608.49 1607.084 1605.322 1603.828 1602.349 1600.554 1598.515 1596.248 1593.97 1591.464 1588.418 1585.328 1581.763 1577.482 1573.268 1567.887 1562.955 1558.042 1552.576 1544.882 1532.71 1525.479 1519.322 1513.654 1509.936 1506.462 1507.03 1518.807 1529.556
-9999 -9999 -9999 -9999 -9999 -9999 -9999 -9999 -9999 -9999 -9999 -9999 -9999 -9999 -9999 -9999 -9999 -9999 -9999 -9999 -9999 -9999 -9999 -9999 1638.696 1638.525 1638.145 1637.573 1636.689 1635.663 1634.41 1633.002 1631.44 1629.961 1628.816 1627.51 1625.952 1624.407 1622.83 1621.101 1619.437 1617.795 1616.032 1614.234 1612.462 1611.024 1609.663 1608.056 1606.46 1604.952 1603.571 1602.085 1600.333 1598.572 1596.801 1595.008 1592.855 1590.615 1587.523 1584.748 1581.262 1577.277 1573.458 1568.319 1563.678 1558.742 1553.636 1545.951 1534.466 1527.08 1521.005 1515.331 1511.047 1507.451 1511.191 1523.454 1536.185
-9999 -9999 -9999 -9999 -9999 -9999 -9999 -9999 -9999 -9999 -9999 -9999 -9999 -9999 -9999 -9999 -9999 -9999 -9999 -9999 -9999 -9999 -9999 -9999 1638.701 1638.428 1637.916 1637.141 1636.209 1634.944 1633.453 1631.836 1630.019 1628.854 1627.491 1625.946 1624.199 1622.532 1620.835 1619.098 1617.51 1615.76 1614.107 1612.279 1610.853 1609.468 1607.738 1605.984 1604.549 1603.106 1601.506 1599.826 1598.087 1596.593 1595.201 1593.497 1591.604 1589.49 1586.74 1584.087 1580.735 1577.07 1573.406 1568.856 1564.216 1559.761 1554.984 1549.472 1539.408 1529.703 1523.37 1517.182 1511.532 1510.946 1514.762 1521.472 1530.273
-9999 -9999 -9999 -9999 -9999 -9999 -9999 -9999 -9999 -9999 -9999 -9999 -9999 -9999 -9999 -9999 -9999 -9999 -9999 -9999 -9999 -9999 -9999 1638.86 1638.614 1638.192 1637.566 1636.65 1635.554 1634.064 1632.383 1630.569 1628.911 1627.413 1625.808 1624.117 1622.396 1620.496 1618.653 1616.909 1615.257 1613.685 1612.064 1610.688 1609.266 1607.565 1605.788 1604.229 1602.59 1600.814 1599.019 1597.517 1596.092 1594.857 1593.431 1591.919 1590.201 1587.929 1585.863 1583.413 1580.281 1576.857 1573.487 1569.324 1565.06 1560.981 1556.563 1551.902 1545.408 1535.026 1527.001 1519.988 1513.552 1513.146 1516.705 1523.075 1530.264
-9999 -9999 -9999 -9999 -9999 -9999 -9999 -9999 -9999 -9999 -9999 1637.636 1637.737 1637.819 1637.971 -9999 1638.297 1638.399 1638.527 1638.653 1638.829 -9999 1638.928 1638.779 1638.389 1637.855 1636.978 1636.026 1634.812 1633.242 1631.284 1629.378 1627.783 1625.952 1624.052 1622.209 1620.229 1618.137 1616.299 1614.558 1612.978 1611.686 1610.386 1608.947 1607.22 1605.554 1603.957 1602.061 1600.177 1598.341 1596.937 1595.582 1594.165 1592.876 1591.678 1590.279 1588.473 1586.61 1584.866 1582.735 1579.842 1576.733 1573.671 1569.813 1565.821 1562.064 1557.927 1553.913 1549.448 1541.531 1534.076 1524.87 1517.968 1515.73 1517.51 1523.997 1531.482
-9999 -9999 -9999 -9999 -9999 -9999 1637.633 1637.555 1637.527 1637.482 1637.469 1637.45 1637.514 1637.622 1637.831 1638.029 1638.112 1638.26 1638.426 1638.606 1638.785 1638.874 1638.839 1638.588 1638.176 1637.437 1636.525 1635.427 1634.098 1632.294 1630.158 1628.457 1626.559 1624.411 1622.297 1620.102 1617.933 1615.615 1613.712 1612.097 1610.891 1609.764 1608.431 1606.786 1605.141 1603.543 1601.866 1599.894 1597.943 1596.45 1595.088 1593.641 1592.153 1590.977 1589.75 1588.231 1586.819 1585.416 1583.693 1581.75 1579.269 1576.62 1573.845 1570.31 1566.364 1562.805 1559.036 1555.293 1551.506 1548 1543.633 1530.53 1522.48 1516.616 1518.132 1524.552 1532.563
-9999 -9999 -9999 -9999 1637.809 1637.743 1637.565 1637.358 1637.24 1637.1 1637.009 1637.14 1637.083 1637.227 1637.457 1637.616 1637.803 1638.017 1638.216 1638.426 1638.591 1638.663 1638.614 1638.365 1637.912 1637.091 1636.072 1634.865 1633.294 1631.358 1629.314 1627.472 1625.268 1622.938 1620.579 1618.031 1615.443 1613.149 1611.315 1610.002 1608.846 1607.604 1606.141 1604.693 1603.166 1601.483 1599.598 1597.741 1596.102 1594.54 1593.078 1591.496 1590.046 1588.716 1587.537 1586.492 1585.308 1583.863 1582.472 1580.932 1578.527 1576.299 1573.91 1570.566 1566.683 1563.177 1559.703 1555.647 1552.093 1549.135 1542.611 1530.149 1523.533 1519.344 1519.971 1526.036 1533.78
-9999 -9999 1638.065 1637.938 1637.775 1637.535 1637.297 1637.101 1636.683 1636.49 1636.304 1636.238 1636.299 1636.47 1636.748 1637.053 1637.328 1637.643 1637.958 1638.166 1638.284 1638.341 1638.343 1638.071 1637.522 1636.671 1635.62 1634.34 1632.68 1630.493 1628.582 1626.421 1623.991 1621.664 1619.01 1616.181 1613.377 1611.023 1609.275 1607.651 1606.266 1605.115 1603.842 1602.492 1600.936 1599.199 1597.455 1595.852 1594.341 1592.577 1590.899 1589.26 1587.648 1586.469 1585.499 1584.534 1583.307 1582.17 1580.807 1579.014 1577.034 1575.41 1573.279 1570.061 1566.261 1562.922 1559.342 1555.381 1551.796 1548.38 1538.494 1529.921 1524.16 1520.706 1522.779 1530.306 1539.835
1637.899 1637.904 1637.906 1637.733 1637.491 1637.179 1636.81 1636.57 1635.918 1635.68 1635.228 1635.189 1635.296 1635.481 1635.811 1636.176 1636.687 1637.138 1637.541 1637.835 1637.969 1638.052 1638.011 1637.761 1637.158 1636.304 1635.228 1633.921 1632.038 1629.784 1627.83 1625.499 1623.009 1620.556 1617.597 1614.456 1611.478 1609.227 1606.975 1605.177 1603.873 1602.487 1601.193 1599.862 1598.538 1597.084 1595.617 1594.132 1592.443 1590.692 1588.874 1587.154 1585.688 1584.258 1583.106 1582.188 1580.586 1578.38 1576.473 1575.288 1574.084 1572.222 1569.745 1566.893 1564.298 1561.571 1557.87 1554.169 1550.78 1547.598 1536.034 1529.545 1524.46 1521.784 1526.461 1535.664 1546.099
1637.7 1637.699 1637.645 1637.4 1637.047 1636.615 1636.073 1635.449 1634.827 1634.252 1633.96 1633.773 1633.894 1634.23 1634.735 1635.259 1635.854 1636.516 1637.044 1637.515 1637.642 1637.733 1637.773 1637.404 1637.114 1636.314 1634.905 1633.498 1631.316 1629.212 1627.17 1624.745 1622.271 1619.651 1616.462 1613.172 1610.267 1607.57 1605.065 1602.875 1600.987 1599.56 1598.393 1597.318 1596.23 1595.1 1593.738 1592.233 1590.727 1588.971 1587.301 1586.253 1585.512 1584.069 1582.509 1580.739 1578.09 1575.321 1573.035 1570.753 1568.783 1567.114 1565.246 1562.832 1560.519 1558.183 1555.388 1551.914 1549.668 1546.427 1534.778 1527.379 1524.74 1523.879 1530.232 1542.037 1550.408
1637.421 1637.347 1637.193 1636.921 1636.391 1635.724 1634.995 1634.254 1633.702 1633.025 1632.741 1632.607 1632.672 1633.002 1633.537 1634.148 1634.94 1635.7 1636.342 1636.864 1637.147 1637.287 1637.309 1637.115 1636.522 1635.602 1634.699 1633.128 1630.726 1628.767 1626.562 1624.06 1621.671 1618.833 1615.566 1612.27 1609.404 1606.505 1603.781 1600.605 1598.161 1596.604 1595.795 1595.005 1594.149 1593.034 1591.824 1590.543 1589.531 1588.372 1587.476 1586.715 1585.948 1585.04 1583.59 1582.32 1580.537 1578.106 1575.735 1572.649 1569.016 1565.934 1563.257 1560.49 1556.614 1554.597 1551.965 1549.428 1546.748 1541.164 1532.72 1528.524 1526.324 1526.574 1534.764 1547.212 1551.95
1636.876 1636.781 1636.62 1636.149 1635.534 1634.729 1633.874 1633.102 1632.505 1631.832 1631.212 1630.806 1630.926 1631.378 1632.088 1632.951 1633.833 1634.793 1635.487 1636.054 1636.505 1636.835 1636.976 1636.824 1636.226 1635.355 1634.413 1632.759 1630.443 1628.573 1626.23 1623.794 1621.426 1618.539 1615.34 1612.287 1609.484 1606.73 1604.019 1601.367 1599.051 1596.937 1595.188 1593.704 1592.629 1591.701 1590.764 1590.207 1589.536 1588.677 1587.742 1586.974 1586.158 1585.56 1584.418 1583.184 1581.89 1580.481 1578.261 1575.949 1573.315 1570.229 1566.964 1563.417 1559.451 1556.24 1552.978 1550.164 1547.571 1542.859 1536.398 1531.142 1528.789 1528.179 1535.407 1547.228 1551.918
1636.124 1635.977 1635.675 1635.243 1634.429 1633.542 1632.706 1632.018 1631.082 1630.168 1629.751 1629.456 1629.449 1629.709 1630.417 1631.506 1632.678 1633.57 1634.54 1635.315 1635.846 1636.275 1636.555 1636.681 1636.133 1635.349 1634.261 1632.672 1630.476 1628.678 1626.443 1624.007 1621.673 1618.826 1615.999 1613.18 1610.397 1607.858 1605.375 1603.271 1600.899 1598.785 1596.868 1595.106 1593.527 1592.406 1591.449 1590.694 1590.128 1589.368 1588.474 1587.341 1586.407 1585.733 1585.051 1583.736 1582.704 1581.527 1579.839 1578.044 1576.435 1574.205 1570.877 1566.982 1563.457 1560.153 1557.099 1553.951 1550.86 1548.431 1544.856 1537.023 1531.411 1528.973 1532.408 1542.068 1550.511
1635.116 1635.013 1634.458 1633.88 1633.103 1632.312 1631.629 1630.593 1629.719 1629.067 1628.343 1627.772 1627.885 1628.294 1629.171 1630.046 1631.249 1632.44 1633.506 1634.528 1635.21 1635.833 1636.202 1636.335 1636.068 1635.423 1634.345 1632.858 1630.792 1628.962 1626.951 1624.557 1622.206 1619.614 1617.036 1614.245 1611.48 1609.081 1606.752 1604.682 1602.682 1600.404 1598.424 1596.593 1594.989 1593.651 1592.471 1591.55 1590.725 1590.04 1589.379 1588.191 1586.941 1586.011 1585.418 1584.53 1583.238 1582.245 1581.04 1579.329 1577.857 1576.238 1574 1570.449 1566.66 1563.526 1560.477 1557.304 1554.047 1550.864 1548.21 1543.609 1539.804 1532.056 1531.448 1538.176 1548.698
1633.799 1633.488 1633.047 1632.429 1631.842 1631.056 1630.052 1629.245 1628.544 1627.555 1626.372 1625.481 1625.287 1626.046 1627.402 1628.846 1629.861 1631.211 1632.514 1633.544 1634.581 1635.428 1635.899 1636.137 1636.014 1635.513 1634.592 1633.229 1631.464 1629.396 1627.571 1625.343 1622.892 1620.647 1618.247 1615.373 1612.59 1610.248 1608.098 1605.95 1603.981 1601.989 1599.846 1597.951 1596.214 1594.901 1593.602 1592.47 1591.602 1590.821 1590.031 1589.115 1587.774 1586.49 1585.767 1585.137 1583.934 1582.862 1581.739 1580.525 1578.842 1577.49 1575.728 1573.103 1569.728 1566.316 1563.068 1559.808 1556.43 1552.826 1549.893 1547.432 1544.523 1539.545 1533.109 1537.716 1548.012
