3DepDEMs/lc3_dem.asc
ncols         350
nrows         507
xllcorner     525757.87396384
yllcorner     3564060.5727378
cellsize      10
NODATA_value  -9999
[rows 102 to 135 of 507, columns 154 to 230 of 350]
1632.33 1631.956 1631.477 1630.95 1630.321 1629.508 1628.921 1628.153 1627.061 1625.688 1624.031 1622.625 1622.005 1623.279 1625.24 1627.162 1628.809 1629.994 1631.486 1632.854 1633.996 1635.1 1635.651 1635.953 1635.931 1635.572 1634.794 1633.568 1632.036 1629.894 1628.161 1626.072 1623.684 1621.607 1619.063 1616.517 1613.928 1611.204 1609.188 1606.962 1605.033 1603.098 1601.185 1599.024 1597.291 1595.759 1594.535 1593.377 1592.41 1591.518 1590.676 1589.816 1588.6 1587.112 1586.139 1585.5 1584.667 1583.334 1582.316 1581.133 1579.616 1578.114 1576.688 1574.761 1572.092 1568.664 1565.238 1561.817 1558.137 1554.513 1551.024 1548.382 1546.055 1542.175 1535.884 1539.182 1548.016
1630.653 1630.241 1629.706 1629.264 1628.9 1628.417 1627.656 1626.531 1625.199 1623.553 1621.409 1619.37 1618.186 1620.264 1623.046 1625.655 1627.623 1629.221 1630.532 1632.189 1633.556 1634.685 1635.438 1635.827 1635.879 1635.58 1634.951 1633.964 1632.422 1630.528 1628.629 1626.748 1624.528 1622.275 1619.999 1617.459 1614.978 1612.096 1609.932 1607.805 1605.752 1603.767 1602.026 1600.016 1598.113 1596.455 1595.124 1594.012 1592.993 1591.937 1591.086 1590.245 1588.975 1587.526 1586.45 1585.744 1585.118 1583.856 1582.729 1581.612 1580.284 1578.64 1577.117 1575.455 1573.366 1570.051 1566.308 1562.848 1558.965 1555.202 1551.535 1548.923 1546.252 1542.334 1538.25 1542.393 1548.546
1629.076 1628.757 1628.304 1627.925 1627.431 1626.889 1626.111 1624.745 1623.116 1621.134 1618.561 1615.733 1614.438 1617.204 1621.093 1624.205 1626.589 1628.435 1629.89 1631.563 1633.115 1634.35 1635.172 1635.62 1635.749 1635.541 1635.049 1634.177 1632.678 1630.916 1628.86 1627.161 1624.954 1622.767 1620.595 1618.073 1615.838 1613.079 1610.405 1608.345 1606.092 1604 1602.403 1600.616 1598.561 1596.77 1595.318 1594.16 1593.053 1591.955 1591.063 1590.1 1588.725 1587.488 1586.47 1585.773 1585.195 1584.234 1582.901 1581.839 1580.584 1578.842 1577.184 1575.531 1573.63 1570.303 1566.356 1562.94 1558.921 1554.84 1551.294 1548.537 1544.928 1540.894 1539.907 1544.793 1549.597
1627.476 1626.943 1626.598 1626.227 1625.708 1625.071 1623.97 1622.227 1620.472 1618.214 1615.475 1612.891 1611.801 1615.297 1619.549 1623.071 1625.735 1627.859 1629.447 1631.071 1632.711 1633.979 1634.852 1635.328 1635.525 1635.403 1634.975 1634.11 1632.725 1630.977 1628.957 1627.369 1625.219 1623.018 1620.845 1618.436 1616.098 1613.335 1610.437 1608.501 1606.126 1603.924 1602.361 1600.566 1598.406 1596.542 1595.021 1593.756 1592.522 1591.386 1590.439 1589.182 1587.936 1586.837 1586.075 1585.532 1585.041 1584.1 1582.879 1581.785 1580.57 1578.778 1576.899 1575.167 1572.748 1569.135 1565.244 1561.763 1557.691 1553.832 1550.377 1546.821 1542.664 1540.281 1543.283 1547.113 1551.192
1625.464 1624.823 1624.458 1623.994 1623.551 1622.815 1621.401 1619.596 1617.486 1615.012 1612.549 1609.924 1610.315 1614.298 1618.583 1622.141 1625.039 1627.312 1629.054 1630.521 1632.358 1633.6 1634.464 1635.031 1635.215 1635.16 1634.664 1633.807 1632.475 1630.811 1628.856 1627.302 1625.158 1622.899 1620.647 1618.231 1615.852 1613.062 1610.223 1608.272 1605.793 1603.551 1601.917 1599.899 1597.715 1595.8 1594.266 1592.771 1591.387 1590.083 1588.83 1587.552 1586.511 1585.703 1585.246 1584.943 1584.413 1583.537 1582.443 1581.492 1580.057 1578.189 1576.189 1573.957 1570.386 1566.521 1563.021 1559.477 1555.687 1551.998 1548.734 1544.707 1541.074 1542.523 1546.541 1549.656 1553.146
1622.986 1622.149 1621.745 1621.294 1620.885 1620.187 1618.572 1616.274 1614.251 1612.083 1609.666 1607.667 1609.861 1613.832 1617.738 1621.608 1624.584 1626.885 1628.665 1630.023 1631.969 1633.308 1634.034 1634.668 1634.919 1634.692 1634.184 1633.33 1631.935 1630.222 1628.55 1626.875 1624.697 1622.422 1620.22 1617.68 1615.075 1612.394 1609.733 1607.609 1605.005 1602.92 1600.972 1598.643 1596.495 1594.611 1592.867 1591.171 1589.486 1587.958 1586.66 1585.579 1584.855 1584.174 1583.801 1583.634 1583.303 1582.648 1581.833 1580.715 1579.08 1577.176 1574.807 1571.475 1567.485 1564.034 1560.545 1556.933 1553.399 1550.249 1546.624 1542.298 1542.852 1545.826 1548.727 1551.919 1554.948
1619.71 1618.802 1618.285 1617.793 1617.29 1616.236 1614.609 1613.086 1611.247 1609.194 1606.74 1606.133 1609.586 1613.403 1617.272 1621.284 1624.242 1626.472 1628.245 1629.606 1631.583 1632.889 1633.658 1634.08 1634.29 1634.089 1633.632 1632.539 1631.272 1629.338 1627.952 1626.136 1623.957 1621.685 1619.203 1616.656 1614.069 1611.157 1608.828 1606.44 1603.851 1601.744 1599.388 1596.995 1594.927 1593.012 1590.976 1588.984 1587.158 1585.633 1584.446 1583.345 1582.178 1581.169 1581.148 1581.454 1581.845 1581.472 1580.843 1579.625 1577.685 1575.806 1572.534 1568.403 1564.785 1561.339 1557.644 1554.215 1550.948 1547.467 1543.47 1543.122 1546.5 1549.123 1551.762 1554.436 1556.933
1616.124 1615.074 1614.223 1613.671 1612.92 1611.92 1610.898 1609.639 1608.164 1606.195 1603.795 1605.644 1609.274 1613.061 1616.956 1621.017 1623.814 1626.136 1627.915 1629.168 1631.002 1632.236 1633.069 1633.577 1633.666 1633.446 1632.706 1631.685 1630.317 1628.516 1627.175 1625.175 1622.836 1620.59 1618.014 1615.264 1612.534 1609.768 1607.455 1604.84 1602.427 1599.925 1597.377 1595.067 1593.088 1590.827 1588.618 1586.473 1584.592 1582.956 1581.386 1579.817 1578.246 1576.851 1576.333 1576.49 1577.412 1578.139 1578.236 1577.519 1575.826 1573.769 1569.62 1565.663 1562.171 1558.668 1554.922 1551.398 1547.75 1543.844 1544.27 1546.841 1549.561 1552.004 1554.594 1556.837 1559.06
1614.73 1612.341 1610.464 1609.521 1608.789 1608.038 1607.39 1606.405 1604.907 1602.804 1601.403 1604.772 1608.678 1612.304 1616.113 1620.48 1623.42 1625.742 1627.484 1628.641 1630.271 1631.604 1632.16 1632.77 1632.982 1632.598 1631.818 1630.744 1629.009 1627.763 1626.072 1623.94 1621.518 1619.091 1616.361 1613.545 1610.744 1608.302 1605.617 1603.125 1600.535 1597.678 1595.158 1592.841 1590.36 1587.936 1585.723 1583.493 1581.291 1579.309 1577.328 1575.426 1573.809 1572.355 1571.165 1570.322 1570.01 1570.552 1571.819 1573.096 1572.856 1569.962 1566.15 1562.977 1559.628 1555.872 1552.392 1548.715 1544.689 1544.864 1547.597 1550.123 1552.804 1554.973 1557.097 1559.388 1561.479
1616.615 1613.978 1610.966 1608.068 1606.213 1604.876 1603.926 1602.737 1601.413 1599.294 1599.831 1603.694 1607.698 1611.236 1614.963 1619.317 1622.814 1625.136 1626.954 1628.098 1629.171 1630.651 1631.366 1631.652 1631.818 1631.51 1630.84 1629.345 1628.007 1626.695 1624.795 1622.461 1620.043 1617.391 1614.444 1611.575 1608.972 1606.498 1603.549 1601.159 1598.222 1595.41 1592.685 1589.928 1587.212 1584.872 1582.206 1579.785 1577.184 1574.62 1572.171 1569.994 1568.029 1566.383 1565.481 1564.656 1564.414 1564.739 1565.69 1566.87 1567.583 1565.98 1563.353 1560.298 1556.8 1553.369 1549.984 1546.01 1545.409 1548.495 1551.042 1553.702 1556.329 1558.478 1560.462 1562.104 1564.197
1619.069 1616.053 1613.38 1610.52 1607.722 1604.99 1601.957 1599.301 1597.689 1596.58 1598.62 1602.112 1606.241 1609.782 1613.428 1618.047 1621.792 1624.437 1626.211 1627.34 1628.134 1629.047 1630.188 1630.615 1630.644 1630.247 1629.149 1628.083 1627.038 1625.426 1623.309 1620.884 1618.248 1615.384 1612.456 1609.54 1606.961 1604.132 1601.533 1598.661 1595.756 1592.87 1589.858 1586.86 1583.964 1581.167 1578.236 1575.116 1571.483 1568.188 1565.694 1563.986 1561.937 1560.91 1560.397 1559.571 1559.356 1559.551 1560.517 1561.907 1563.026 1562.351 1560.266 1557.062 1554.098 1551.293 1547.923 1545.764 1548.527 1551.888 1554.862 1557.515 1560.144 1562.202 1563.82 1565.503 1567.625
1620.99 1618.381 1615.519 1612.81 1609.94 1607.017 1603.977 1600.602 1597.466 1595.012 1596.74 1600.123 1604.023 1607.825 1611.442 1615.719 1620.459 1623.156 1625.097 1626.23 1627.182 1627.807 1628.304 1628.742 1628.702 1628.281 1627.806 1627.145 1625.751 1623.8 1621.475 1619.158 1616.356 1613.252 1610.299 1607.475 1604.625 1602.013 1599.1 1596.187 1593.244 1590.065 1587.075 1583.761 1580.489 1577.197 1573.774 1569.343 1565.264 1561.805 1558.883 1557.313 1555.738 1555.046 1554.304 1554.176 1553.88 1553.929 1554.367 1555.919 1557.59 1557.596 1556.041 1553.827 1551.564 1549.166 1546.615 1547.753 1551.771 1555.386 1558.529 1561.368 1563.77 1565.883 1567.696 1569.391 1571.285
1622.372 1620.206 1617.53 1614.814 1612.087 1608.983 1606.072 1602.616 1599.156 1595.627 1594.595 1597.951 1601.584 1605.547 1609.185 1612.916 1617.636 1621.423 1623.414 1624.777 1625.847 1626.649 1627.091 1627.32 1627.293 1627.154 1626.694 1625.736 1624.257 1622.174 1619.765 1617.176 1614.032 1610.996 1608.158 1605.341 1602.485 1599.772 1596.662 1593.746 1590.539 1587.249 1584.141 1580.554 1576.824 1572.946 1568.622 1564.354 1559.856 1556.163 1555.476 1555.058 1554.734 1554.278 1554.309 1553.767 1553.04 1552.295 1551.596 1551.427 1551.783 1552.194 1551.923 1550.799 1549.087 1547.402 1546.958 1550.491 1554.758 1558.756 1562.151 1565.07 1567.783 1569.965 1571.55 1573.089 1574.875
1623.564 1621.531 1619.202 1616.552 1613.777 1610.728 1607.673 1604.287 1600.338 1596.626 1593.674 1595.323 1599.05 1603.109 1606.776 1610.175 1614.168 1618.542 1621.107 1622.894 1624.382 1625.112 1625.707 1625.935 1625.921 1625.79 1625.32 1624.397 1622.782 1620.63 1618.105 1615.098 1611.84 1608.897 1605.917 1603.063 1600.11 1597.163 1594.132 1591.048 1587.948 1584.785 1581.289 1577.25 1573.08 1568.818 1564.343 1559.806 1556.557 1557.034 1558.02 1558.512 1558.836 1559.236 1559.573 1559.092 1557.598 1555.766 1553.419 1551.819 1550.767 1550.231 1549.715 1549.014 1548.187 1547.479 1549.246 1553.347 1557.642 1561.883 1565.441 1568.883 1571.533 1573.505 1575.182 1576.992 1578.409
1624.547 1622.417 1620.413 1617.937 1615.048 1612.052 1608.72 1605.339 1601.464 1597.489 1593.765 1593.287 1596.725 1600.119 1603.737 1607.158 1610.272 1613.89 1617.602 1620.484 1622.254 1623.347 1624.062 1624.298 1624.382 1624.233 1623.852 1622.868 1621.129 1618.955 1616.37 1612.913 1609.794 1606.799 1603.753 1600.864 1597.681 1594.657 1591.691 1588.647 1585.389 1581.969 1577.83 1573.83 1569.347 1565.064 1560.529 1557.249 1558.814 1560.993 1562.098 1563.014 1563.57 1564.012 1563.904 1562.964 1561.402 1559.406 1556.916 1554.464 1552.783 1551.535 1550.725 1550.08 1550.835 1551.385 1551.846 1555.419 1560.066 1564.415 1568.622 1572.186 1574.89 1577.053 1578.692 1580.116 1581.542
1625.086 1623.191 1621.288 1618.899 1616.148 1612.983 1609.553 1606.195 1602.434 1598.415 1594.455 1591.7 1594.163 1597.349 1600.608 1603.989 1607.178 1610.097 1613.29 1617.24 1619.787 1621.085 1621.946 1622.403 1622.503 1622.494 1622.119 1621.158 1619.569 1617.407 1614.347 1610.981 1607.901 1604.732 1601.71 1598.6 1595.309 1592.291 1589.315 1586.241 1582.875 1579.008 1574.398 1570.345 1565.964 1561.752 1558.339 1559.685 1562.946 1565.11 1566.514 1567.495 1568.166 1568.39 1567.828 1566.608 1565.016 1562.947 1560.938 1558.759 1556.69 1555.274 1554.908 1554.927 1555.657 1556.244 1555.597 1557.364 1562.139 1566.903 1571.386 1575.439 1578.636 1580.424 1581.686 1583.055 1584.6
1625.373 1623.681 1621.844 1619.615 1616.721 1613.743 1610.166 1606.941 1603.322 1599.341 1595.48 1591.667 1591.242 1594.553 1597.519 1600.724 1603.957 1606.801 1609.527 1612.737 1615.942 1617.589 1618.94 1619.556 1619.864 1620.213 1620.122 1619.469 1617.848 1615.415 1612.148 1609.045 1605.942 1602.723 1599.639 1596.323 1592.981 1589.741 1586.71 1583.564 1579.823 1575.506 1570.929 1566.581 1562.194 1559.201 1560.068 1563.845 1567.127 1569.718 1571.497 1572.595 1573.033 1573.122 1572.272 1570.669 1568.723 1566.727 1564.908 1563.114 1561.858 1560.764 1560.394 1560.514 1561.106 1561.242 1560.032 1559.992 1564.458 1569.36 1573.75 1578.418 1581.169 1583.063 1584.46 1586.028 1587.41
1625.419 1623.896 1622.016 1619.86 1617.402 1614.464 1610.876 1607.482 1604.119 1600.246 1596.459 1592.704 1589.928 1591.434 1594.617 1597.463 1600.673 1603.615 1606.299 1608.77 1611.027 1612.745 1614.109 1615.419 1616.723 1617.732 1617.927 1617.325 1615.761 1613.065 1610.047 1607.115 1604.013 1600.829 1597.522 1593.97 1590.435 1587.083 1583.772 1580.043 1575.751 1571.45 1566.892 1562.421 1559.952 1560.311 1563.885 1568.028 1572.219 1574.603 1575.774 1576.608 1576.914 1576.747 1576.146 1574.875 1573.206 1571.257 1569.452 1567.771 1566.527 1565.757 1565.511 1565.857 1566.434 1566.34 1564.56 1562.659 1566.839 1571.719 1576.415 1580.508 1583.073 1585.054 1587.035 1588.672 1589.724
1624.875 1623.487 1621.903 1620.013 1617.886 1614.981 1611.613 1608.061 1604.639 1601.023 1597.356 1593.74 1590.281 1589.018 1591.546 1594.605 1597.319 1600.245 1602.904 1605.288 1607.382 1608.915 1610.333 1611.517 1612.681 1613.898 1614.696 1614.377 1612.732 1610.389 1607.774 1604.99 1601.869 1598.733 1595.097 1591.511 1587.903 1584.269 1580.428 1576.252 1571.935 1567.325 1562.567 1560.883 1561.388 1564.158 1568.337 1573.181 1576.493 1578.425 1579.495 1580.16 1580.456 1580.315 1579.946 1578.851 1577.513 1576.039 1574.394 1573.013 1572.154 1571.688 1571.593 1572.159 1572.449 1571.553 1568.937 1565.639 1569.31 1573.848 1578.521 1581.902 1584.55 1586.962 1589.044 1590.672 1591.733
1623.625 1622.527 1621.321 1619.762 1617.877 1615.045 1611.979 1608.49 1605.209 1601.748 1598.117 1594.64 1591.205 1588.184 1588.695 1591.462 1594.312 1596.989 1599.54 1601.749 1603.772 1605.346 1606.557 1607.775 1608.865 1609.864 1610.58 1610.551 1609.635 1607.866 1605.604 1602.644 1599.633 1596.27 1592.826 1589.161 1585.615 1581.581 1577.106 1572.761 1567.95 1563.134 1561.664 1562.915 1565.332 1569.224 1574.15 1577.745 1579.891 1581.005 1581.819 1582.545 1582.964 1582.946 1582.799 1582.266 1581.561 1580.621 1579.42 1578.372 1577.584 1577.235 1577.228 1577.708 1577.19 1575.387 1572.859 1569.135 1571.543 1576.052 1580.268 1583.281 1585.987 1588.595 1590.665 1592.405 1593.545
1621.831 1621.024 1620.158 1618.967 1616.995 1614.432 1611.625 1608.624 1605.728 1602.055 1598.597 1595.358 1592.154 1588.992 1586.633 1588.327 1591.188 1593.836 1596.176 1598.138 1599.944 1601.564 1602.902 1604.24 1605.565 1606.804 1607.518 1607.689 1606.948 1605.326 1602.962 1600.282 1597.097 1593.894 1590.56 1586.985 1583.257 1578.621 1574.004 1569.308 1564.471 1562.328 1563.783 1566.563 1570.008 1574.709 1578.717 1580.846 1582.222 1583.34 1584.233 1584.818 1585.326 1585.498 1585.591 1585.337 1584.979 1584.458 1583.844 1583.015 1582.391 1581.992 1581.625 1581.209 1580.244 1578.649 1575.648 1572.613 1573.406 1578.233 1581.506 1584.378 1587.277 1589.837 1591.98 1593.877 1595.12
1619.326 1618.778 1618.462 1617.244 1615.383 1613.307 1610.521 1608.148 1605.398 1601.923 1598.575 1595.585 1592.68 1589.733 1586.437 1585.439 1588.247 1590.624 1592.772 1594.576 1596.092 1597.641 1599.17 1600.589 1601.932 1603.249 1604.227 1604.516 1603.816 1602.456 1600.46 1597.755 1594.707 1591.713 1588.4 1584.61 1580.689 1575.524 1570.998 1565.655 1563.001 1564.436 1567.258 1570.968 1575.066 1579.207 1581.754 1583.347 1584.725 1585.908 1586.915 1587.536 1588.114 1588.516 1588.702 1588.645 1588.349 1588.02 1587.589 1586.894 1586.109 1585.323 1584.471 1583.395 1581.911 1580.612 1578.721 1575.69 1575.185 1579.439 1582.51 1585.302 1588.317 1590.828 1593.004 1595.105 1596.685
1615.75 1615.522 1615.191 1614.396 1612.871 1610.772 1608.818 1606.816 1604.105 1600.951 1597.958 1595.309 1592.697 1590.014 1587.059 1584.395 1585.136 1587.519 1589.267 1590.877 1592.51 1594.028 1595.414 1596.947 1598.527 1599.836 1600.875 1601.257 1600.846 1599.629 1597.583 1595.065 1592.413 1589.423 1586.039 1582.389 1577.923 1572.958 1568.122 1563.922 1564.178 1568.019 1571.849 1576.048 1580.276 1582.435 1584.354 1586.024 1587.601 1588.844 1589.585 1590.165 1590.621 1590.943 1591.136 1591.121 1591.018 1590.796 1590.496 1590.019 1589.413 1588.44 1586.842 1585.246 1583.761 1581.919 1580.509 1578.343 1577.358 1580.531 1583.412 1586.205 1589.128 1591.709 1594.001 1596.136 1598.072
1612.07 1611.657 1611.411 1610.751 1609.704 1608.384 1606.641 1604.544 1601.952 1599.331 1596.771 1594.489 1592.132 1589.748 1587.078 1584.577 1583.129 1584.31 1585.566 1586.994 1588.594 1590.162 1591.683 1593.331 1594.864 1596.277 1597.399 1597.958 1597.687 1596.576 1594.837 1592.694 1590.192 1587.299 1583.834 1579.959 1575.189 1570.444 1565.888 1563.878 1567.532 1571.879 1575.929 1580.394 1582.873 1584.879 1586.99 1588.855 1590.081 1591.058 1591.873 1592.526 1593.004 1593.441 1593.688 1593.676 1593.614 1593.425 1592.976 1592.239 1591.369 1590.244 1588.965 1586.816 1585.134 1583.381 1581.651 1579.835 1579.522 1581.717 1584.288 1587.079 1589.811 1592.359 1594.784 1597.182 1598.999
1608.663 1608.191 1608.108 1607.727 1606.843 1605.441 1603.505 1601.385 1599.148 1596.888 1594.906 1592.943 1590.959 1588.96 1586.57 1584.55 1582.9 1581.799 1581.91 1582.819 1584.486 1586.112 1587.865 1589.58 1591.432 1593.087 1594.118 1594.637 1594.592 1593.781 1592.261 1590.331 1588.062 1585.244 1581.774 1577.633 1572.947 1568.109 1564.572 1566.033 1571.206 1575.94 1579.955 1582.748 1585.208 1587.467 1589.557 1591.047 1592.357 1593.395 1594.208 1594.948 1595.429 1595.768 1595.932 1595.995 1595.975 1595.751 1595.342 1594.424 1593.257 1591.765 1590.229 1588.52 1586.17 1584.589 1582.714 1581.005 1581.359 1583.107 1585.31 1588.013 1590.56 1593.091 1595.552 1598.074 1599.981
1605.312 1604.525 1604.301 1603.908 1603.137 1601.732 1600.008 1597.979 1596.101 1594.256 1592.38 1590.731 1589.123 1587.472 1585.669 1584.248 1583.212 1582.212 1581.292 1580.153 1580.469 1582.203 1584.102 1586.024 1587.825 1589.545 1590.769 1591.48 1591.631 1590.991 1589.708 1587.993 1585.765 1583.006 1579.371 1575.241 1570.315 1566.011 1564.828 1569.711 1574.712 1579.367 1582.546 1585.04 1587.7 1589.771 1591.631 1593.319 1594.69 1595.777 1596.567 1597.228 1597.81 1598.275 1598.478 1598.488 1598.539 1598.176 1597.379 1596.403 1594.97 1593.202 1591.28 1589.514 1587.23 1585.392 1583.817 1582.781 1583.942 1584.977 1586.875 1589.267 1591.629 1594.145 1596.535 1599.116 1601.017
1605.694 1602.774 1600.937 1600.246 1599.429 1598.072 1596.46 1594.765 1593.115 1591.202 1589.417 1588.307 1587.283 1586.137 1585.193 1584.574 1584.35 1584.119 1583.326 1582.084 1580.152 1578.968 1580.05 1582.434 1584.596 1586.385 1587.681 1588.474 1588.676 1588.175 1587.131 1585.608 1583.673 1580.969 1576.717 1572.595 1567.686 1564.862 1568.135 1573.651 1578.303 1581.975 1584.812 1587.609 1589.976 1592.032 1593.958 1595.831 1597.085 1598.235 1599.293 1600.022 1600.532 1600.963 1601.146 1601.205 1600.974 1600.555 1599.691 1598.226 1596.544 1594.417 1592.312 1590.256 1588.228 1586.01 1584.801 1585.121 1586.342 1587.627 1588.979 1590.862 1593.137 1595.483 1597.909 1600.338 1602.191
1606.955 1603.463 1600.095 1596.85 1595.879 1594.478 1592.516 1590.984 1589.992 1589.407 1589.066 1588.799 1588.493 1588.128 1587.89 1587.712 1587.498 1586.924 1585.855 1584.209 1582.415 1580.228 1577.75 1578.169 1581.057 1583.261 1584.61 1585.398 1585.622 1585.36 1584.627 1583.427 1581.372 1578.126 1574.402 1569.74 1565.318 1566.797 1571.946 1576.989 1581.466 1584.313 1587.279 1589.871 1592.155 1594.361 1596.426 1598.203 1599.781 1600.982 1602.027 1602.703 1603.191 1603.405 1603.537 1603.547 1603.339 1602.646 1601.527 1600.003 1597.846 1595.563 1593.178 1590.91 1588.95 1586.775 1586.497 1587.828 1589.148 1590.21 1591.411 1593.146 1595.222 1597.397 1599.698 1601.904 1603.687
1607.814 1604.196 1600.699 1597.003 1593.808 1592.971 1592.949 1593.363 1593.382 1593.267 1592.99 1592.682 1592.264 1591.896 1591.383 1590.943 1590.339 1589.484 1588.326 1586.849 1584.634 1582.517 1580.123 1576.799 1577.255 1579.687 1581.588 1582.574 1583.009 1582.916 1582.301 1581.158 1578.976 1575.245 1571.409 1566.824 1566.064 1570.555 1575.49 1580.38 1583.771 1586.713 1589.526 1592.085 1594.543 1596.833 1598.989 1600.848 1602.326 1603.747 1604.717 1605.399 1605.865 1605.903 1606.008 1605.953 1605.561 1604.899 1603.292 1601.502 1599.175 1596.641 1594.052 1591.507 1589.351 1588.193 1589.099 1590.368 1591.813 1593.097 1594.41 1596.08 1597.823 1599.864 1601.969 1603.931 1605.245
1608.149 1604.651 1600.975 1597.17 1594.932 1596.252 1597.048 1597.405 1597.495 1597.417 1597.194 1596.715 1596.24 1595.706 1595.123 1594.364 1593.494 1592.305 1590.708 1588.948 1587.064 1584.536 1582.178 1579.111 1575.882 1575.872 1577.979 1579.308 1580.039 1580.024 1579.387 1578.351 1575.46 1571.828 1568.197 1566.285 1569.697 1574.088 1578.559 1582.625 1585.913 1588.844 1591.67 1594.386 1596.975 1599.38 1601.491 1603.344 1605.042 1606.395 1607.233 1607.692 1607.955 1608.071 1608.045 1607.728 1607.266 1606.477 1605.083 1602.804 1600.45 1597.648 1594.945 1592.247 1589.9 1590.136 1591.546 1593.254 1594.829 1596.523 1597.908 1599.261 1600.794 1602.515 1604.26 1605.903 1606.961
1608.089 1604.427 1600.732 1597.424 1598.27 1599.927 1600.837 1601.227 1601.381 1601.29 1601.083 1600.655 1600.198 1599.492 1598.767 1597.654 1596.401 1594.848 1593.112 1591.133 1588.944 1586.7 1583.993 1581.512 1578.353 1574.938 1574.388 1575.441 1576.215 1576.342 1575.838 1574.208 1571.316 1568.431 1566.629 1569.137 1573.147 1577.358 1581.081 1584.461 1587.856 1590.773 1593.749 1596.489 1599.254 1601.673 1603.912 1605.86 1607.449 1608.637 1609.43 1610.047 1610.248 1609.987 1609.784 1609.443 1608.663 1607.669 1606.354 1604.165 1601.578 1598.64 1595.72 1592.887 1591.321 1592.78 1594.507 1596.421 1598.179 1599.736 1601.157 1602.448 1603.679 1605.175 1606.714 1608.105 1609.343
1607.593 1603.805 1600.376 1600.468 1602.087 1603.44 1604.378 1604.928 1605.152 1605.109 1604.767 1604.409 1603.904 1603.018 1602.013 1600.725 1599.194 1597.407 1595.279 1593.177 1590.833 1588.502 1586.121 1583.259 1581.053 1577.953 1574.541 1572.722 1572.321 1571.932 1571.464 1570.305 1568.478 1567.383 1568.473 1571.756 1575.803 1579.71 1582.959 1586.18 1589.365 1592.389 1595.5 1598.468 1601.272 1603.981 1606.238 1608.06 1609.933 1611.489 1612.319 1612.858 1612.967 1612.713 1612.105 1611.411 1610.181 1608.799 1607.368 1605.401 1602.659 1599.708 1596.556 1593.556 1594.063 1595.921 1597.685 1599.499 1601.483 1603.158 1604.479 1605.664 1606.736 1607.803 1609.194 1610.566 1611.393
1606.998 1603.479 1602.579 1604.053 1605.596 1606.839 1607.868 1608.457 1608.716 1608.563 1608.315 1607.802 1607.24 1606.367 1605.158 1603.534 1601.67 1599.663 1597.43 1594.995 1592.587 1590.089 1587.786 1585.1 1582.497 1580.344 1577.767 1575.053 1572.763 1571.17 1569.968 1568.979 1569.185 1569.858 1569.624 1572.829 1577.597 1581.008 1584.083 1587.415 1590.574 1593.823 1597.085 1600.283 1603.152 1605.944 1608.094 1610.405 1612.363 1613.607 1614.301 1614.671 1614.592 1614.571 1614.079 1613.072 1611.834 1610.177 1608.41 1606.495 1604.016 1600.944 1597.674 1595.734 1597.297 1599.03 1601.066 1602.961 1604.899 1606.324 1607.457 1608.628 1609.744 1610.817 1611.858 1612.907 1613.436
1606.312 1604.836 1606.212 1607.724 1608.951 1610.342 1611.462 1612.199 1612.632 1612.576 1612.099 1611.548 1610.809 1609.571 1607.75 1605.98 1604.058 1601.65 1599.367 1596.876 1594.189 1591.667 1589.201 1586.709 1583.835 1581.645 1579.525 1577.286 1574.416 1571.847 1569.923 1570.647 1572.019 1572.27 1570.675 1573.122 1577.702 1581.449 1584.888 1588.371 1591.555 1595.026 1598.501 1601.768 1604.882 1607.455 1609.988 1612.336 1614.053 1615.129 1615.89 1616.182 1616.283 1616.077 1615.517 1614.421 1613.111 1611.523 1609.651 1607.475 1605.049 1602.123 1599.159 1598.871 1600.654 1602.35 1604.232 1606.027 1607.755 1609.258 1610.694 1611.927 1612.811 1613.756 1614.58 1615.389 1615.858
