3DepDEMs/lc3_dem.asc
ncols         350
nrows         507
xllcorner     525757.87396384
yllcorner     3564060.5727378
cellsize      10
NODATA_value  -9999
[rows 136 to 169 of 507, columns 154 to 230 of 350]
1607.288 1608.357 1609.653 1611.191 1612.693 1614.125 1615.223 1615.976 1616.45 1616.654 1616.133 1615.119 1614.097 1612.726 1610.637 1608.27 1605.934 1603.457 1600.951 1598.358 1595.569 1592.901 1590.308 1587.791 1584.961 1582.301 1580.14 1577.616 1574.268 1571.33 1571.345 1573.037 1574.282 1574.413 1572.708 1573.183 1577.809 1581.884 1585.492 1589.001 1592.372 1596.045 1599.553 1602.859 1606.054 1608.745 1611.619 1613.986 1615.441 1616.514 1617.148 1617.549 1617.67 1617.346 1616.676 1615.51 1614.102 1612.617 1610.667 1608.287 1606.001 1603.293 1601.177 1602.106 1603.722 1605.477 1607.163 1608.924 1610.885 1612.597 1613.914 1614.807 1615.627 1616.55 1617.545 1618.243 -9999
1610.479 1611.792 1613.419 1614.91 1616.313 1617.833 1618.897 1619.365 1619.547 1619.424 1618.878 1617.965 1616.78 1615.186 1612.864 1610.216 1607.325 1604.806 1602.218 1599.505 1596.783 1593.89 1591.166 1588.556 1585.811 1582.729 1580.157 1577.103 1573.388 1571.942 1573.481 1575.301 1576.595 1576.531 1574.817 1573.488 1578.034 1582.183 1585.996 1589.496 1592.955 1596.855 1600.313 1603.705 1606.797 1609.74 1612.805 1615.027 1616.613 1617.615 1618.331 1618.778 1618.93 1618.588 1617.729 1616.49 1614.938 1613.421 1611.741 1609.406 1606.995 1604.784 1603.448 1604.845 1606.475 1608.241 1610.353 1612.554 1614.415 1615.763 1616.814 1617.779 1618.687 1619.458 1620.049 1620.466 -9999
1614.153 1615.395 1616.925 1618.298 1619.539 1620.595 1621.386 1621.745 1621.903 1621.514 1620.846 1619.845 1618.459 1616.662 1614.075 1611.607 1608.742 1605.793 1603.107 1600.397 1597.524 1594.533 1591.78 1589.009 1586.172 1582.921 1580.089 1576.493 1573.006 1573.291 1575.87 1577.352 1578.033 1577.925 1576.522 1574.567 1578.777 1582.674 1586.583 1589.96 1593.43 1597.382 1600.757 1604.257 1607.182 1610.313 1613.415 1615.758 1617.212 1618.377 1619.134 1619.507 1619.616 1619.465 1618.776 1617.464 1615.874 1614.304 1612.697 1610.671 1608.203 1606.059 1605.696 1607.3 1609.191 1611.355 1613.625 1615.616 1617.161 1618.466 1619.618 1620.471 1621.09 1621.72 1622.214 1622.549 -9999
1617.639 1619.012 1620.25 1621.303 1622.255 1623.133 1623.746 1624.007 1623.902 1623.466 1622.681 1621.446 1619.806 1617.656 1615.14 1612.351 1609.547 1606.438 1603.857 1600.98 1598.091 1594.931 1592.06 1589.197 1586.293 1582.92 1579.878 1576.046 1573.137 1575.39 1578.014 1578.964 1579.193 1578.84 1577.728 1575.809 1579.557 1583.345 1587.07 1590.447 1593.852 1597.567 1600.836 1604.286 1607.185 1610.377 1613.369 1615.852 1617.438 1618.685 1619.363 1619.91 1620.236 1620.043 1619.51 1618.471 1616.918 1615.367 1613.704 1611.99 1610.01 1607.972 1608.653 1610.08 1612.266 1614.508 1616.494 1618.363 1619.775 1621.074 1622.013 1622.764 1623.384 1623.981 1624.363 1624.571 -9999
1621.032 1622.092 1622.989 1623.81 1624.736 1625.44 1625.816 1625.923 1625.619 1625.071 1624.237 1622.886 1621.165 1618.601 1616.021 1612.884 1609.993 1606.849 1604.239 1601.38 1598.456 1595.205 1592.214 1589.183 1586.175 1582.723 1579.485 1575.268 1573.993 1577.271 1579.376 1580.114 1580.206 1579.636 1578.374 1577.571 1580.658 1583.989 1587.488 1590.727 1594.002 1597.488 1600.671 1603.906 1606.851 1609.887 1612.884 1615.345 1617.227 1618.604 1619.339 1620.284 1620.68 1620.691 1620.266 1619.376 1618.168 1616.63 1614.996 1613.378 1611.953 1610.69 1611.088 1612.842 1614.892 1617.021 1618.99 1620.597 1621.936 1623.204 1624.218 1625.032 1625.623 1626.117 1626.483 1626.507 -9999
1624.186 1624.761 1625.458 1626.194 1626.89 1627.456 1627.804 1627.762 1627.245 1626.354 1625.319 1623.941 1622.168 1619.421 1616.397 1613.239 1610.336 1607.139 1604.488 1601.55 1598.549 1595.268 1592.204 1589.152 1585.987 1582.515 1578.886 1574.443 1575.56 1578.917 1580.685 1581.286 1581.159 1580.374 1578.933 1579.362 1581.637 1584.5 1587.689 1590.753 1593.783 1597.151 1600.236 1603.269 1606.15 1608.805 1611.794 1614.388 1616.534 1618.136 1619.119 1620.167 1620.745 1620.957 1620.831 1620.223 1619.328 1618.139 1616.656 1615.327 1614.199 1613.579 1614.215 1615.657 1617.525 1619.43 1621.148 1622.728 1624.23 1625.423 1626.424 1627.206 1627.895 1628.405 1628.725 1628.539 -9999
1626.797 1627.275 1627.824 1628.408 1629.03 1629.42 1629.604 1629.486 1629.012 1628.042 1626.246 1624.546 1622.688 1620.058 1616.952 1613.467 1610.518 1607.205 1604.467 1601.406 1598.403 1595.081 1591.937 1588.81 1585.675 1582.206 1578.284 1574.416 1577.316 1580.28 1581.912 1582.534 1582.251 1581.078 1579.438 1580.357 1582.328 1584.837 1587.681 1590.452 1593.219 1596.437 1599.467 1602.249 1604.975 1607.37 1610.236 1612.723 1615.359 1617.23 1618.645 1619.828 1620.752 1621.186 1621.278 1621.102 1620.527 1619.704 1618.853 1617.832 1617.054 1616.683 1617.342 1618.552 1620.104 1621.635 1623.272 1624.785 1626.204 1627.542 1628.579 1629.46 1630.188 1630.676 1630.902 1630.628 -9999
1629.277 1629.63 1630.121 1630.579 1630.876 1630.973 1631.124 1630.882 1630.138 1628.954 1626.956 1624.906 1622.836 1620.15 1616.973 1613.506 1610.481 1607.134 1604.305 1601.135 1598.098 1594.72 1591.51 1588.426 1585.172 1581.625 1577.785 1574.947 1578.83 1581.43 1583.157 1584.366 1583.865 1582.178 1580.446 1580.986 1582.608 1584.68 1587.315 1589.721 1592.195 1594.978 1598.222 1600.837 1603.379 1605.774 1608.049 1610.657 1613.123 1615.592 1617.605 1619.17 1620.574 1621.357 1621.698 1621.71 1621.521 1621.182 1620.68 1620.162 1619.788 1619.714 1620.17 1621.053 1622.397 1623.887 1625.388 1626.903 1628.32 1629.665 1630.746 1631.656 1632.295 1632.651 1632.658 -9999 -9999
1631.479 1631.68 1631.962 1632.269 1632.526 1632.602 1632.379 1631.83 1630.686 1629.173 1627.187 1624.949 1622.77 1620.012 1616.793 1613.357 1610.15 1606.821 1603.93 1600.755 1597.578 1594.162 1590.898 1587.749 1584.393 1580.907 1577.434 1576.279 1580.204 1582.671 1584.726 1585.742 1585.315 1583.42 1581.722 1581.204 1582.553 1584.223 1586.555 1588.71 1590.978 1593.396 1596.122 1598.903 1601.262 1603.753 1606.171 1608.538 1611.221 1613.746 1616.156 1618.384 1620.178 1621.291 1621.968 1622.365 1622.607 1622.533 1622.391 1622.158 1622.026 1622.156 1622.703 1623.593 1624.787 1626.076 1627.586 1629.01 1630.349 1631.633 1632.637 1633.443 1634.017 1634.361 1634.359 -9999 -9999
1633.456 1633.509 1633.683 1633.777 1633.655 1633.321 1632.7 1631.681 1630.247 1628.692 1626.591 1624.616 1622.279 1619.64 1616.182 1612.802 1609.544 1606.253 1603.334 1600.008 1596.727 1593.392 1590.079 1586.796 1583.418 1580.107 1576.881 1578.234 1581.564 1584.201 1586.174 1586.813 1586.304 1584.749 1582.816 1581.97 1582.856 1583.807 1585.431 1587.472 1589.514 1591.608 1593.831 1596.441 1598.963 1601.347 1603.937 1606.529 1609.164 1611.927 1614.809 1617.57 1619.589 1621.069 1622.107 1622.936 1623.457 1623.75 1623.993 1624.137 1624.221 1624.614 1625.176 1625.944 1626.98 1628.268 1629.545 1630.938 1632.183 1633.318 1634.385 1635.302 1635.872 1636.189 1636.116 -9999 -9999
1635.452 1635.227 1634.861 1634.433 1633.801 1632.97 1632.034 1630.62 1629.029 1627.388 1625.593 1623.74 1621.413 1618.688 1615.428 1611.953 1608.605 1605.4 1602.246 1598.96 1595.562 1592.26 1588.844 1585.478 1582.366 1578.803 1577.28 1580.111 1583.091 1585.836 1587.375 1587.897 1587.287 1585.907 1584.026 1583.052 1584.076 1585.591 1586.477 1586.992 1587.975 1589.395 1591.367 1593.666 1596.285 1598.794 1601.477 1604.236 1606.891 1609.851 1612.931 1616.343 1618.889 1620.834 1622.243 1623.301 1624.096 1624.88 1625.374 1625.777 1626.128 1626.672 1627.322 1628.173 1629.22 1630.309 1631.5 1633.064 1633.993 1635.111 1636.164 1636.885 1637.302 1637.547 1637.762 -9999 -9999
1636.628 1636.007 1635.225 1634.205 1633.01 1631.7 1630.331 1628.844 1627.13 1625.651 1624.169 1622.272 1619.848 1617.102 1613.827 1610.377 1607.04 1604.064 1600.825 1597.496 1594.061 1590.715 1587.118 1584.083 1580.533 1577.757 1579.381 1582.287 1585.12 1587.236 1588.595 1588.958 1588.188 1586.849 1585.314 1584.272 1585.727 1587.067 1587.893 1588.477 1589.049 1589.554 1590.196 1591.289 1593.334 1596.259 1599.032 1601.88 1604.966 1607.861 1611.108 1614.791 1618.043 1620.329 1622.305 1623.654 1624.825 1625.594 1626.54 1627.393 1628.012 1628.732 1629.476 1630.308 1631.3 1632.21 1633.39 1634.622 1635.815 1636.792 1637.607 1638.161 1638.597 1638.794 -9999 -9999 -9999
1637.039 1635.948 1634.699 1633.192 1631.508 1629.829 1628.165 1626.456 1625.13 1623.78 1622.111 1619.951 1617.705 1614.974 1611.705 1608.349 1605.164 1602.184 1598.961 1595.535 1592.14 1588.722 1585.276 1582.023 1578.707 1579.431 1581.835 1584.534 1586.851 1588.663 1589.822 1589.883 1588.941 1587.513 1586.188 1585.738 1587.154 1588.74 1590.022 1590.971 1591.79 1592.385 1592.86 1593.019 1592.984 1593.733 1596.439 1599.802 1602.985 1606.177 1609.505 1612.933 1617.068 1619.725 1622.123 1623.991 1625.252 1626.542 1627.855 1628.855 1629.743 1630.624 1631.464 1632.308 1633.267 1634.228 1635.341 1636.457 1637.429 1638.15 1638.802 1639.404 1639.725 1639.78 -9999 -9999 -9999
1636.717 1635.067 1633.327 1631.604 1629.596 1627.596 1625.869 1624.266 1622.639 1620.881 1619.155 1617.027 1614.696 1611.725 1608.786 1605.783 1602.926 1599.887 1596.631 1593.21 1590.015 1586.707 1583.18 1579.825 1580.033 1581.867 1584.455 1586.62 1588.51 1590.015 1590.803 1590.626 1589.547 1588.014 1586.813 1587.067 1589.079 1590.95 1592.606 1593.933 1595.136 1595.924 1596.38 1596.743 1596.714 1596.432 1596.172 1597.834 1601.271 1604.641 1607.998 1611.539 1615.501 1618.978 1621.807 1624.07 1625.771 1627.512 1629.178 1630.396 1631.491 1632.461 1633.375 1634.319 1635.335 1636.222 1637.115 1638.015 1638.691 1639.365 1640.007 1640.368 1640.725 1640.743 -9999 -9999 -9999
1635.687 1633.612 1631.541 1629.538 1627.365 1625.374 1623.542 1621.513 1619.602 1617.451 1615.233 1612.842 1610.361 1607.918 1605.403 1602.859 1599.993 1597.053 1593.946 1590.919 1587.765 1584.444 1581.021 1580.159 1582.843 1584.871 1586.767 1588.619 1590.11 1591.292 1591.666 1591.159 1589.889 1588.402 1587.564 1589.035 1591.321 1593.428 1595.433 1597.269 1598.666 1599.475 1600.112 1600.427 1600.403 1600.147 1599.709 1599.225 1599.913 1603.424 1606.832 1610.525 1614.313 1618.249 1621.451 1624.217 1626.206 1628.334 1630.316 1631.788 1632.993 1634.176 1635.289 1636.237 1637.15 1638.069 1638.75 1639.453 1640.114 1640.676 1640.978 1641.419 1641.812 1641.897 -9999 -9999 -9999
1633.736 1631.49 1629.426 1627.215 1625.14 1622.861 1620.665 1618.303 1615.875 1613.318 1610.819 1608.305 1606.251 1604.075 1601.761 1599.215 1596.591 1594.017 1591.286 1588.393 1585.325 1582.216 1580.794 1583.218 1585.529 1587.263 1588.999 1590.577 1591.784 1592.304 1592.258 1591.394 1590.125 1588.58 1589.55 1591.675 1593.894 1596.177 1598.179 1600.091 1601.687 1602.878 1603.635 1603.925 1603.994 1603.824 1603.361 1602.563 1601.668 1602.237 1605.946 1609.745 1613.613 1617.504 1620.976 1624.161 1626.596 1629.035 1631.235 1632.919 1634.491 1635.774 1636.87 1637.834 1638.712 1639.519 1640.147 1640.796 1641.395 1641.861 1642.391 1642.604 1642.716 1642.679 -9999 -9999 -9999
1631.703 1629.423 1627.229 1625.048 1622.559 1620.177 1617.442 1614.488 1611.815 1609.358 1606.57 1603.982 1601.801 1599.578 1597.351 1595.216 1593.096 1590.81 1588.33 1585.63 1582.933 1581.255 1583.503 1586.27 1588.135 1589.828 1591.37 1592.566 1593.307 1593.253 1592.597 1591.533 1589.908 1590.247 1592.313 1594.493 1596.686 1598.911 1601.229 1603.195 1604.892 1606.117 1607.019 1607.422 1607.62 1607.524 1607.037 1606.245 1605.177 1603.989 1605.196 1609.257 1613.219 1617.191 1620.78 1624.161 1626.852 1629.602 1631.926 1634 1635.686 1637.048 1638.181 1639.157 1639.974 1640.822 1641.562 1642.047 1642.698 1642.998 1643.237 1643.451 1643.595 1643.479 -9999 -9999 -9999
1629.468 1627.474 1625.116 1622.551 1620.021 1617.322 1613.993 1611.049 1608.223 1605.391 1602.344 1599.683 1597.349 1595.188 1593.206 1591.33 1589.45 1587.378 1585.152 1582.903 1582.126 1584.132 1587.139 1589.148 1590.88 1592.373 1593.582 1594.515 1594.8 1594.221 1593.069 1591.7 1591.496 1593.39 1595.398 1597.358 1599.543 1601.907 1604.054 1606.185 1607.884 1609.349 1610.33 1610.888 1611.156 1611.139 1610.827 1610.038 1608.984 1607.491 1606.219 1608.97 1613.169 1617.042 1620.647 1624.278 1627.257 1630.061 1632.564 1634.853 1636.819 1638.171 1639.348 1640.293 1641.215 1642.017 1642.797 1643.262 1643.759 1644.08 1644.247 1644.312 1644.187 1643.948 -9999 -9999 -9999
1627.285 1625.123 1622.688 1619.979 1616.946 1613.629 1610.719 1607.685 1604.465 1601.256 1598.291 1595.578 1593.071 1590.919 1588.937 1586.936 1585.448 1584.085 1583.183 1584.018 1585.934 1588.208 1590.349 1592.194 1593.647 1594.934 1595.969 1596.41 1596.119 1595.184 1593.489 1592.902 1594.316 1596.294 1598.36 1600.441 1602.626 1604.783 1607.112 1609.253 1611.079 1612.424 1613.477 1614.016 1614.157 1614.018 1613.705 1613.169 1612.408 1611.394 1609.957 1609.656 1613.449 1617.42 1620.91 1624.568 1627.775 1630.716 1633.301 1635.722 1637.717 1639.177 1640.377 1641.423 1642.349 1643.273 1644.06 1644.445 1644.738 1644.864 1644.877 1644.604 1644.404 -9999 -9999 -9999 -9999
1624.555 1622.337 1619.943 1617.078 1613.964 1610.645 1607.7 1604.447 1601.081 1597.758 1594.484 1591.142 1588.664 1586.472 1585.526 1585.149 1584.94 1585.614 1586.791 1588.429 1590.182 1592.123 1593.743 1595.283 1596.595 1597.649 1598.344 1598.29 1597.286 1595.917 1594.18 1595.161 1597.222 1599.367 1601.423 1603.526 1605.749 1608.105 1610.284 1612.193 1613.996 1615.794 1616.871 1617.475 1617.616 1617.421 1617.117 1616.508 1615.627 1614.562 1613.39 1612.086 1614.06 1618.139 1621.696 1625.182 1628.468 1631.401 1634.16 1636.616 1638.6 1640.087 1641.433 1642.533 1643.513 1644.402 1644.876 1645.235 1645.466 1645.475 1645.351 -9999 -9999 -9999 -9999 -9999 -9999
1621.247 1618.78 1616.029 1613.109 1610.521 1607.883 1604.763 1601.501 1598.053 1594.565 1590.63 1587.486 1587.066 1587.437 1588.064 1588.751 1589.438 1590.367 1591.626 1592.994 1594.323 1595.814 1597.301 1598.488 1599.598 1600.458 1600.771 1600.016 1598.583 1596.586 1595.498 1597.56 1599.921 1602.202 1604.57 1606.789 1609.05 1611.134 1613.125 1615.191 1617.115 1618.55 1619.643 1620.434 1620.682 1620.638 1620.325 1619.752 1619.007 1618.122 1617.163 1616.132 1616.651 1619.51 1622.994 1626.174 1629.349 1632.324 1635.181 1637.647 1639.39 1640.997 1642.464 1643.617 1644.586 1645.213 1645.779 1646.116 1646.414 1646.37 -9999 -9999 -9999 -9999 -9999 -9999 -9999
1617.01 1614.418 1612.024 1609.927 1607.712 1605.133 1602.174 1598.935 1595.487 1591.74 1588.228 1587.996 1589.594 1591.112 1592.31 1593.256 1594.145 1595.042 1596.173 1597.206 1598.459 1599.627 1600.833 1601.833 1602.581 1603.003 1602.817 1601.652 1599.682 1597.526 1597.584 1600.252 1602.701 1605.196 1607.66 1609.954 1612.059 1614.149 1616.267 1618.116 1619.849 1621.349 1622.612 1623.425 1623.872 1623.937 1623.725 1623.229 1622.26 1621.353 1620.475 1619.862 1620.167 1621.965 1624.714 1627.578 1630.612 1633.522 1636.272 1638.492 1640.382 1642.054 1643.53 1644.708 1645.689 1646.537 1647.583 1648.328 1648.95 1648.831 -9999 -9999 -9999 -9999 -9999 -9999 -9999
1612.838 1610.582 1608.619 1606.654 1604.669 1602.393 1599.68 1596.667 1593.412 1589.736 1588.302 1590.659 1593.524 1595.555 1596.854 1597.754 1598.571 1599.413 1600.35 1601.281 1602.407 1603.389 1604.315 1604.982 1605.495 1605.438 1604.761 1603.061 1600.838 1598.605 1600.094 1602.834 1605.446 1608.353 1610.747 1612.861 1615.07 1617.156 1619.051 1620.956 1622.696 1624.13 1625.469 1626.285 1626.874 1626.864 1626.607 1626.206 1625.548 1624.649 1623.886 1623.333 1623.853 1624.935 1626.933 1629.583 1632.305 1634.938 1637.519 1639.625 1641.606 1643.147 1644.636 1645.924 1647.125 1648.664 1650.007 1650.757 1651.159 -9999 -9999 -9999 -9999 -9999 -9999 -9999 -9999
1609.222 1607.23 1605.299 1603.549 1601.763 1599.788 1597.395 1594.807 1591.602 1588.979 1590.431 1594.424 1597.264 1599.44 1600.981 1602.049 1602.91 1603.696 1604.561 1605.458 1606.271 1607.125 1607.855 1608.379 1608.55 1608.114 1606.571 1604.439 1601.875 1600.08 1602.542 1605.348 1608.292 1611.159 1613.491 1615.923 1617.998 1620.215 1622.064 1623.721 1625.438 1626.871 1628.068 1628.939 1629.554 1629.79 1629.619 1629.212 1628.6 1627.915 1627.237 1626.845 1627.073 1628.106 1629.787 1631.883 1634.281 1636.689 1638.899 1640.981 1642.832 1644.525 1646.031 1647.435 1648.958 1650.866 1651.827 1652.64 -9999 -9999 -9999 -9999 -9999 -9999 -9999 -9999 -9999
1605.435 1603.369 1601.436 1599.629 1598.283 1596.865 1595.208 1592.933 1590.285 1589.615 1593.939 1597.792 1601.022 1603.318 1604.972 1606.178 1607.207 1607.951 1608.625 1609.379 1610.026 1610.526 1610.901 1611.043 1610.917 1610.189 1608.556 1605.888 1602.942 1602.068 1604.841 1607.971 1611.115 1613.953 1616.42 1618.893 1621.188 1623.097 1624.783 1626.536 1628.031 1629.423 1630.582 1631.5 1632.042 1632.332 1632.31 1632.041 1631.6 1631.073 1630.61 1630.378 1630.641 1631.555 1632.787 1634.536 1636.591 1638.537 1640.561 1642.519 1644.354 1646.026 1647.628 1649.529 1651.215 1652.462 1652.874 1652.827 -9999 -9999 -9999 -9999 -9999 -9999 -9999 -9999 -9999
1604.51 1602.677 1600.452 1598.185 1596.352 1594.593 1592.673 1590.962 1589.918 1592.808 1597.531 1601.326 1604.586 1607.022 1609.01 1610.259 1611.137 1611.727 1612.216 1612.615 1613.148 1613.615 1613.893 1613.684 1613.11 1612.007 1610.317 1607.49 1604.218 1604.164 1607.2 1610.573 1613.82 1616.645 1619.253 1621.772 1623.793 1625.584 1627.235 1628.867 1630.457 1631.785 1633.015 1633.984 1634.647 1635.029 1635.097 1634.936 1634.609 1634.132 1633.88 1633.831 1633.967 1634.731 1635.808 1637.136 1638.715 1640.41 1642.214 1644.1 1645.932 1647.578 1649.55 1651.524 1652.693 1653.323 1653.44 -9999 -9999 -9999 -9999 -9999 -9999 -9999 -9999 -9999 -9999
1606.699 1604.331 1602.157 1599.538 1597.237 1595.133 1592.46 1590.725 1592.864 1596.688 1600.777 1604.553 1608.009 1610.828 1612.927 1614.217 1614.86 1615.156 1615.589 1616.131 1616.719 1617.217 1617.281 1616.828 1615.725 1614.07 1611.875 1609.283 1605.778 1606.224 1609.589 1613.058 1616.299 1619.153 1621.843 1624.158 1626.197 1627.962 1629.692 1631.313 1632.821 1634.287 1635.468 1636.367 1636.936 1637.366 1637.484 1637.423 1637.223 1636.928 1636.813 1636.733 1637.039 1637.558 1638.355 1639.601 1640.933 1642.521 1644.182 1646.021 1647.821 1649.564 1651.601 1652.881 1653.592 1653.853 -9999 -9999 -9999 -9999 -9999 -9999 -9999 -9999 -9999 -9999 -9999
1608.37 1605.561 1602.927 1600.198 1597.408 1594.631 1591.523 1592.795 1596.003 1599.73 1603.782 1607.658 1611.215 1614.02 1616.249 1617.463 1618.24 1618.608 1619.175 1619.546 1619.86 1619.99 1619.77 1619.006 1617.768 1616.004 1613.447 1610.902 1607.508 1608.016 1611.384 1615.226 1618.298 1621.397 1623.925 1626.332 1628.431 1630.341 1632.069 1633.781 1635.276 1636.519 1637.593 1638.39 1638.997 1639.412 1639.667 1639.699 1639.589 1639.425 1639.388 1639.457 1639.747 1640.305 1640.973 1642.091 1643.332 1644.802 1646.385 1647.948 1650.097 1651.937 1653.163 1653.934 1654.361 1654.247 -9999 -9999 -9999 -9999 -9999 -9999 -9999 -9999 -9999 -9999 -9999
1608.916 1605.792 1602.946 1599.753 1596.822 1593.266 1591.965 1594.96 1598.542 1602.437 1606.469 1610.369 1614.126 1617.379 1619.565 1620.55 1621.362 1622.007 1622.442 1622.743 1622.777 1622.61 1622.136 1621.199 1619.756 1617.805 1615.402 1612.558 1609.661 1609.169 1613.151 1616.83 1620.191 1623.241 1625.877 1628.334 1630.517 1632.491 1634.464 1635.989 1637.311 1638.444 1639.476 1640.277 1640.969 1641.505 1641.837 1641.939 1641.865 1641.806 1641.759 1641.924 1642.288 1642.971 1643.779 1644.843 1645.923 1647.123 1648.698 1650.533 1652.21 1653.554 1654.318 1654.72 1654.683 -9999 -9999 -9999 -9999 -9999 -9999 -9999 -9999 -9999 -9999 -9999 -9999
1608.001 1604.921 1601.93 1598.842 1595.328 1592.438 1593.767 1597.37 1601.042 1604.883 1608.84 1613.065 1616.901 1620.037 1622.047 1623.419 1624.273 1624.918 1625.328 1625.55 1625.471 1625.074 1624.22 1623.167 1621.773 1619.705 1617.585 1614.906 1612.124 1611.348 1614.491 1618.193 1621.751 1624.816 1627.594 1630.17 1632.452 1634.614 1636.474 1637.803 1639.102 1640.273 1641.339 1642.224 1642.927 1643.542 1643.857 1644.065 1644.155 1644.233 1644.325 1644.513 1644.916 1645.55 1646.267 1647.241 1648.448 1649.771 1651.331 1652.847 1654.121 1654.808 1655.258 1655.698 1655.434 -9999 -9999 -9999 -9999 -9999 -9999 -9999 -9999 -9999 -9999 -9999 -9999
1606.201 1603.269 1600.293 1596.599 1593.563 1593.63 1596.429 1599.82 1603.431 1607.031 1611.101 1615.386 1619.215 1622.156 1624.292 1625.683 1626.75 1627.408 1627.862 1627.919 1627.821 1627.27 1626.358 1625.07 1623.562 1621.872 1619.7 1617.663 1615.86 1615.836 1616.782 1619.71 1623.117 1626.337 1629.339 1631.819 1634.352 1636.456 1638.065 1639.545 1640.893 1642.052 1643.127 1644.132 1644.812 1645.33 1645.746 1646.032 1646.238 1646.428 1646.586 1646.891 1647.377 1648.156 1649.117 1650.205 1651.339 1652.565 1653.785 1654.772 1655.488 1656.085 1656.878 1657.21 -9999 -9999 -9999 -9999 -9999 -9999 -9999 -9999 -9999 -9999 -9999 -9999 -9999
1603.741 1600.695 1597.276 1594.705 1594.883 1595.324 1598.277 1601.727 1605.197 1608.913 1612.948 1617.162 1620.825 1623.835 1625.974 1627.797 1628.948 1629.732 1630.202 1630.123 1629.844 1629.263 1628.361 1627.113 1625.623 1623.951 1622.361 1620.679 1619.571 1619.655 1620.544 1621.748 1624.609 1627.893 1630.829 1633.608 1636.18 1638.035 1639.711 1641.232 1642.682 1643.798 1644.711 1645.592 1646.408 1647.149 1647.853 1648.53 1648.939 1649.198 1649.486 1649.862 1650.452 1651.32 1652.183 1653.08 1653.915 1654.746 1655.555 1656.447 1657.285 1657.832 1657.914 -9999 -9999 -9999 -9999 -9999 -9999 -9999 -9999 -9999 -9999 -9999 -9999 -9999 -9999
1599.885 1596.848 1596.005 1596.704 1597.164 1597.053 1599.079 1602.625 1606.13 1610.032 1614.255 1618.532 1622.009 1625.064 1627.392 1629.385 1630.816 1631.711 1632.145 1632.184 1631.867 1631.333 1630.462 1629.262 1627.842 1626.43 1624.685 1623.506 1622.887 1623.083 1623.881 1624.843 1626.541 1629.712 1632.584 1635.379 1637.725 1639.605 1641.217 1642.859 1644.087 1645.164 1646.214 1647.444 1648.716 1649.764 1650.613 1651.356 1651.915 1652.326 1652.684 1653.071 1653.531 1654.007 1654.543 1655.146 1655.748 1656.581 1657.348 1657.999 1658.58 1658.48 -9999 -9999 -9999 -9999 -9999 -9999 -9999 -9999 -9999 -9999 -9999 -9999 -9999 -9999 -9999
1597.717 1598.317 1598.804 1599.453 1600.337 1600.529 1600.008 1602.886 1606.618 1610.598 1614.992 1619.629 1623.078 1626.013 1628.599 1630.771 1632.22 1633.226 1633.878 1634.086 1633.811 1633.269 1632.448 1631.371 1630.136 1628.859 1627.754 1626.642 1626.147 1626.481 1627.295 1628.483 1629.646 1631.471 1634.33 1636.971 1639.127 1641.015 1642.754 1644.241 1645.499 1646.762 1648.312 1649.765 1651.025 1652.242 1653.151 1653.844 1654.426 1654.762 1655.085 1655.423 1655.709 1656.122 1656.497 1656.917 1657.478 1657.955 1658.271 1658.59 1658.404 -9999 -9999 -9999 -9999 -9999 -9999 -9999 -9999 -9999 -9999 -9999 -9999 -9999 -9999 -9999 -9999
