last_chance_experiments/output/topographicElevation_0.asc
nrows 223
cellsize 10.0
xllcorner 3564580.539
ncols 164
yllcorner 527068.107
nodata_value -9999
[rows 108 to 134 of 223, columns 62 to 123 of 164]
-9999.000 -9999.000 -9999.000 -9999.000 -9999.000 -9999.000 -9999.000 -9999.000 -9999.000 nan nan nan nan nan 1679.740 1679.675 1679.637 1679.268 1678.799 1678.615 1678.006 1678.183 1677.661 1676.858 1675.504 1674.454 1672.692 1670.235 1667.209 1663.406 1660.141 1655.593 1653.288 1657.349 1661.987 1666.875 1670.878 1673.124 1674.270 1675.254 1675.493 1675.978 1676.562 1677.688 1679.045 1678.989 1679.528 1680.311 1680.686 1681.188 1682.558 1682.654 1682.324 1682.777 1683.222 1684.521 1685.402 1685.242 1685.736 nan nan nan
-9999.000 -9999.000 -9999.000 -9999.000 -9999.000 -9999.000 -9999.000 -9999.000 nan nan nan nan nan 1680.249 1679.960 1680.099 1679.684 1679.130 1678.884 1678.515 1678.039 1677.885 1677.242 1676.494 1675.624 1674.581 1673.065 1670.627 1667.724 1664.032 1660.122 1654.790 1653.288 1657.555 1662.409 1667.424 1671.256 1673.625 1674.575 1675.354 1676.204 1676.611 1677.697 1677.802 1679.264 1679.807 1680.580 1681.023 1681.180 1681.820 1682.533 1682.747 1683.109 1683.564 1684.757 1685.349 1685.391 nan nan nan nan nan
-9999.000 -9999.000 -9999.000 -9999.000 -9999.000 -9999.000 -9999.000 nan nan nan nan nan 1680.823 1680.577 1680.230 1680.048 1679.681 1679.346 1679.106 1678.634 1678.361 1677.807 1677.249 1676.538 1675.631 1674.699 1673.289 1670.950 1668.059 1664.116 1659.781 1655.611 1653.744 1658.440 1663.201 1668.139 1671.754 1674.034 1674.917 1675.785 1676.400 1677.137 1677.441 1678.253 1679.316 1679.877 1681.125 1681.678 1681.889 1682.758 1683.224 1683.640 1684.150 1684.687 1685.420 1685.584 nan nan nan nan nan nan
-9999.000 -9999.000 -9999.000 -9999.000 -9999.000 -9999.000 nan nan nan nan nan 1681.531 1681.287 1680.736 1680.455 1680.229 1679.865 1679.773 1679.261 1678.741 1678.393 1677.986 1677.482 1676.709 1675.781 1674.799 1673.279 1670.955 1667.702 1663.582 1659.432 1655.363 1655.363 1659.563 1664.148 1668.952 1672.275 1674.423 1675.241 1676.241 1677.233 1677.540 1678.110 1678.940 1679.968 1680.797 1681.388 1682.178 1683.011 1683.809 1684.330 1684.474 1684.968 1685.312 1685.670 nan nan nan nan nan nan nan
-9999.000 -9999.000 -9999.000 -9999.000 -9999.000 nan nan nan nan nan 1681.932 1681.646 1681.258 1680.844 1680.576 1680.317 1680.010 1679.896 1679.331 1679.035 1678.630 1678.180 1677.576 1676.755 1675.805 1674.583 1672.634 1669.989 1666.291 1662.027 1657.621 1655.363 1657.003 1660.457 1665.071 1669.981 1673.043 1674.414 1675.652 1676.664 1677.415 1678.044 1678.770 1679.751 1680.452 1681.409 1682.404 1683.196 1683.516 1684.615 1684.954 1685.610 1685.729 1686.212 nan nan nan nan nan nan -9999.000 -9999.000
-9999.000 -9999.000 -9999.000 -9999.000 nan nan nan nan nan 1682.592 1682.254 1681.897 1681.543 1681.013 1680.661 1680.385 1680.116 1679.812 1679.486 1679.140 1678.807 1678.215 1677.485 1676.557 1675.625 1674.081 1671.506 1668.385 1664.180 1661.059 1656.994 1656.994 1660.261 1662.695 1666.017 1670.295 1673.212 1674.899 1675.973 1677.007 1677.691 1678.410 1679.403 1680.075 1680.978 1682.591 1683.564 1683.807 1684.794 1685.729 1686.106 1686.716 1687.191 1687.623 nan nan nan nan nan -9999.000 -9999.000 -9999.000
-9999.000 -9999.000 -9999.000 nan nan nan nan nan 1683.456 1682.934 1682.526 1682.233 1681.693 1681.303 1680.952 1680.684 1680.209 1680.160 1679.744 1679.380 1678.941 1678.109 1677.317 1676.436 1675.205 1672.996 1669.909 1665.889 1662.405 1658.448 1656.994 1660.047 1662.895 1666.204 1668.675 1672.018 1674.548 1675.318 1676.408 1677.617 1678.248 1679.238 1680.080 1680.990 1681.813 1683.172 1683.851 1684.682 1685.556 1686.137 1686.462 1686.802 1686.991 1687.091 nan nan nan nan nan -9999.000 -9999.000 -9999.000
-9999.000 -9999.000 nan nan nan nan nan 1684.226 1683.700 1683.497 1682.846 1682.249 1681.989 1681.468 1681.160 1680.888 1680.487 1680.048 1679.716 1679.382 1678.801 1677.961 1677.199 1676.264 1674.459 1671.496 1667.694 1663.779 1659.501 1658.448 1659.475 1663.234 1666.751 1670.079 1672.342 1673.525 1675.532 1676.245 1676.974 1677.900 1679.017 1679.808 1680.487 1681.379 1682.514 1683.253 1684.572 1685.332 1685.968 1686.527 1687.110 1687.199 1687.713 1687.567 nan nan nan nan -9999.000 -9999.000 -9999.000 -9999.000
-9999.000 nan nan nan nan nan 1684.695 1684.496 1683.907 1683.448 1682.986 1682.406 1682.000 1681.584 1681.515 1680.916 1680.551 1680.630 1679.913 1679.821 1678.727 1677.936 1677.100 1675.713 1673.429 1669.598 1665.276 1660.647 1659.501 1660.881 1663.990 1667.409 1670.945 1673.267 1674.261 1674.815 1676.295 1676.524 1677.467 1678.318 1679.379 1680.486 1680.922 1681.785 1682.586 1683.592 1684.616 1685.807 1686.481 1687.357 1687.413 1687.693 1687.717 nan nan nan nan nan -9999.000 -9999.000 -9999.000 -9999.000
-9999.000 nan nan nan nan nan 1684.971 1684.637 1684.326 1683.724 1683.332 1682.798 1682.153 1681.695 1681.487 1681.245 1680.698 1680.408 1679.867 1679.239 1678.512 1677.968 1676.954 1674.593 1671.503 1667.412 1663.051 1660.647 1660.651 1664.317 1667.073 1670.625 1673.221 1674.535 1676.254 1676.476 1676.643 1677.465 1678.355 1678.940 1679.957 1681.219 1681.449 1682.370 1683.072 1683.965 1684.899 1686.039 1686.745 1687.257 1688.082 1688.027 nan nan nan nan nan -9999.000 -9999.000 -9999.000 -9999.000 -9999.000
nan nan nan nan nan 1685.637 1685.671 1685.188 1684.535 1683.996 1683.404 1682.885 1682.375 1681.900 1681.836 1681.549 1680.847 1680.782 1679.895 1679.074 1678.320 1677.674 1675.949 1673.092 1669.795 1665.633 1662.158 1661.512 1664.506 1667.663 1670.994 1673.253 1674.891 1675.941 1676.876 1677.766 1677.332 1677.996 1678.531 1679.362 1680.850 1681.342 1682.183 1683.098 1683.354 1684.391 1685.806 1686.467 1687.122 1687.490 1687.956 1688.333 nan nan nan nan nan -9999.000 -9999.000 -9999.000 -9999.000 -9999.000
nan nan nan nan 1686.146 1685.897 1685.493 1685.246 1684.684 1684.284 1683.874 1683.395 1682.562 1682.146 1681.686 1681.401 1680.938 1680.373 1679.518 1678.711 1677.800 1676.198 1673.554 1670.648 1667.226 1664.066 1662.582 1664.143 1667.904 1671.440 1674.307 1675.188 1675.996 1677.315 1677.239 1677.507 1678.037 1678.550 1679.087 1680.380 1681.199 1681.692 1682.987 1683.026 1683.763 1684.900 1685.580 1686.517 1687.495 1687.512 1688.223 1688.393 1688.572 nan nan nan nan -9999.000 -9999.000 -9999.000 -9999.000 -9999.000
nan nan 1686.917 1686.749 1686.313 1686.216 1685.646 1685.286 1684.820 1684.660 1684.507 1683.411 1682.827 1682.380 1681.794 1681.405 1680.959 1680.316 1679.416 1678.422 1676.629 1673.796 1670.579 1667.492 1664.348 1664.066 1664.561 1668.156 1671.351 1674.180 1675.489 1676.560 1677.593 1677.677 1677.944 1678.243 1678.907 1680.211 1680.315 1682.516 1681.882 1682.362 1682.609 1684.126 1684.268 1684.942 1686.272 1686.679 1687.472 1687.822 1688.942 1688.982 1688.997 nan nan nan nan -9999.000 -9999.000 -9999.000 -9999.000 -9999.000
nan nan nan 1687.172 1686.414 1686.111 1685.725 1685.378 1684.877 1684.587 1684.057 1683.489 1683.143 1682.457 1681.984 1681.287 1680.834 1679.988 1678.752 1677.226 1674.586 1671.007 1668.098 1665.231 1664.440 1665.966 1668.206 1671.518 1674.702 1676.071 1676.877 1677.453 1677.889 1678.561 1679.312 1679.521 1680.323 1680.698 1680.593 1682.499 1682.790 1683.376 1682.955 1684.442 1685.134 1685.789 1686.399 1686.399 1687.516 1688.077 1688.526 1688.774 1689.194 1689.185 nan nan nan nan -9999.000 -9999.000 -9999.000 -9999.000
nan nan 1687.064 1686.985 1687.117 1686.191 1686.162 1685.679 1684.950 1684.321 1683.818 1683.423 1682.958 1682.301 1681.637 1681.024 1680.152 1679.495 1678.118 1675.417 1672.255 1668.831 1666.359 1666.359 1668.564 1670.658 1672.455 1674.974 1676.202 1677.432 1678.383 1678.732 1679.224 1679.251 1679.251 1679.551 1680.111 1680.554 1680.937 1682.113 1682.727 1682.765 1683.798 1684.135 1685.282 1685.755 1685.937 1686.549 1687.514 1688.306 1688.634 1689.089 1689.310 nan nan nan nan nan -9999.000 -9999.000 -9999.000 -9999.000
nan 1687.787 1687.413 1686.985 1686.937 1686.309 1686.008 1685.226 1684.659 1684.140 1683.682 1683.237 1682.670 1682.134 1681.069 1680.171 1679.040 1677.050 1674.440 1672.073 1669.373 1667.571 1667.386 1670.668 1672.457 1674.054 1675.646 1676.892 1677.264 1678.071 1679.030 1679.431 1679.224 1679.472 1679.962 1680.877 1680.738 1681.053 1681.478 1682.594 1683.393 1683.628 1683.875 1684.817 1685.825 1685.769 1686.530 1687.323 1687.644 1688.584 1688.827 1689.222 nan nan nan nan nan -9999.000 -9999.000 -9999.000 -9999.000 -9999.000
nan 1687.578 1687.422 1687.299 1686.659 1686.026 1685.658 1685.086 1684.365 1683.866 1683.363 1682.689 1682.570 1681.353 1680.691 1679.284 1677.068 1674.191 1670.775 1669.010 1667.921 1667.921 1669.790 1673.569 1676.126 1676.719 1677.383 1677.793 1679.353 1679.661 1679.856 1680.237 1680.235 1679.882 1680.694 1681.136 1681.161 1681.642 1682.061 1682.956 1683.665 1684.142 1684.275 1684.787 1685.729 1686.412 1686.715 1687.513 1687.913 1689.038 1689.013 1689.660 nan nan nan nan nan -9999.000 -9999.000 -9999.000 -9999.000 -9999.000
1688.806 1687.882 1687.422 1687.576 1686.182 1685.787 1685.256 1684.970 1683.855 1683.194 1682.731 1681.698 1680.977 1679.961 1678.739 1676.776 1674.210 1672.060 1670.775 1670.790 1668.897 1669.555 1672.786 1675.794 1677.328 1678.346 1678.856 1679.388 1680.146 1679.661 1679.726 1680.438 1680.707 1681.259 1681.807 1681.526 1681.604 1682.798 1683.461 1683.565 1683.746 1684.250 1684.877 1685.260 1686.047 1686.453 1687.534 1687.711 1688.573 1689.476 1689.681 nan nan nan nan nan -9999.000 -9999.000 -9999.000 -9999.000 -9999.000 -9999.000
1688.981 1688.081 1687.704 1687.282 1686.294 1685.445 1684.702 1684.196 1683.243 1683.223 1681.890 1680.738 1679.367 1677.625 1676.657 1673.874 1673.874 1673.874 1675.041 1674.228 1671.041 1671.370 1675.333 1677.904 1678.585 1679.229 1679.411 1679.590 1679.853 1680.016 1680.349 1680.620 1680.978 1681.518 1682.361 1682.360 1682.369 1683.359 1683.359 1683.874 1684.632 1684.757 1685.478 1685.884 1686.346 1687.129 1687.385 1688.261 1689.107 1689.894 1689.681 nan nan nan nan nan -9999.000 -9999.000 -9999.000 -9999.000 -9999.000 -9999.000
1688.938 1688.943 1687.884 1687.104 1687.003 1685.396 1685.084 1684.196 1683.045 1682.461 1681.527 1678.864 1677.629 1676.524 1676.107 1676.107 1676.322 1677.922 1678.215 1676.579 1672.517 1672.246 1676.551 1678.897 1679.619 1680.013 1680.571 1680.711 1680.932 1680.699 1681.042 1681.624 1681.567 1682.593 1682.361 1682.908 1682.809 1684.021 1684.457 1684.584 1685.254 1685.783 1686.557 1686.914 1686.900 1687.511 1687.914 1688.757 1689.183 1689.924 1689.757 nan nan nan nan nan -9999.000 -9999.000 -9999.000 -9999.000 -9999.000 -9999.000
1688.968 1687.945 1687.471 1686.996 1686.996 1685.281 1684.370 1683.597 1682.673 1681.731 1680.408 1678.864 1680.184 1680.051 1679.629 1679.263 1679.934 1679.953 1679.666 1678.090 1674.660 1673.562 1677.118 1679.532 1680.130 1680.320 1680.826 1681.532 1681.139 1681.385 1682.507 1682.758 1682.609 1682.695 1683.546 1683.310 1683.722 1684.054 1684.458 1685.093 1685.539 1685.669 1686.727 1686.749 1687.939 1687.840 1688.516 1689.015 1689.193 1690.682 1691.631 nan nan nan nan nan -9999.000 -9999.000 -9999.000 -9999.000 -9999.000 -9999.000
1689.391 1688.826 1687.814 1686.996 1687.221 1685.406 1684.601 1683.309 1682.305 1681.374 1680.865 1680.695 1681.256 1681.278 1680.968 1680.928 1681.044 1680.626 1680.337 1679.031 1677.280 1675.513 1678.769 1680.284 1680.904 1680.998 1681.264 1682.164 1681.792 1682.207 1682.885 1683.335 1683.047 1683.847 1684.314 1683.690 1684.791 1685.159 1685.250 1685.917 1686.069 1687.556 1687.116 1687.373 1688.287 1688.363 1689.048 1689.237 1690.362 1690.564 1691.219 1690.505 nan nan nan nan nan -9999.000 -9999.000 -9999.000 -9999.000 -9999.000
1689.046 1688.132 1687.566 1687.489 1686.213 1685.366 1684.148 1683.352 1682.063 1681.906 1682.198 1682.219 1682.291 1682.287 1682.006 1681.868 1681.650 1681.302 1680.738 1679.592 1677.280 1677.298 1680.371 1680.885 1681.642 1682.759 1682.615 1683.398 1683.235 1683.231 1683.386 1683.335 1683.883 1683.847 1684.286 1684.403 1685.484 1685.815 1685.678 1686.118 1686.959 1687.666 1687.333 1687.868 1688.815 1688.802 1689.594 1689.675 1690.723 1691.322 1690.872 nan nan nan nan nan -9999.000 -9999.000 -9999.000 -9999.000 -9999.000 -9999.000
1688.698 1688.239 1687.641 1687.105 1685.544 1684.906 1684.278 1683.382 1683.068 1683.125 1683.310 1683.408 1682.980 1682.805 1682.820 1682.844 1683.177 1682.335 1681.505 1680.547 1678.283 1679.820 1680.625 1681.750 1682.619 1683.520 1683.432 1684.361 1683.905 1683.422 1683.703 1684.808 1684.732 1684.851 1685.504 1685.680 1685.804 1685.970 1687.227 1686.713 1687.292 1687.694 1688.661 1688.692 1689.795 1689.678 1690.269 1690.125 1690.443 nan nan nan nan nan nan -9999.000 -9999.000 -9999.000 -9999.000 -9999.000 -9999.000 -9999.000
1688.733 1688.450 1687.128 1686.491 1686.218 1684.906 1684.978 1684.719 1683.932 1684.066 1684.461 1684.539 1683.664 1684.497 1683.990 1684.201 1684.018 1682.908 1682.228 1680.995 1678.913 1680.309 1681.542 1682.334 1683.403 1683.564 1683.432 1683.432 1683.533 1684.685 1685.319 1685.528 1685.320 1686.002 1686.357 1686.823 1686.361 1687.161 1687.443 1687.564 1688.204 1689.180 1689.383 1689.504 1689.918 1690.340 1691.412 1691.416 nan nan nan nan nan nan -9999.000 -9999.000 -9999.000 -9999.000 -9999.000 -9999.000 -9999.000 -9999.000
1688.709 1687.918 1687.043 1687.043 1686.034 1685.292 1684.922 1684.922 1684.744 1684.580 1684.921 1684.824 1684.436 1684.820 1684.541 1685.097 1684.389 1683.719 1682.433 1681.884 1680.119 1681.655 1682.469 1683.100 1683.433 1683.646 1683.995 1684.238 1684.602 1685.274 1685.993 1686.041 1685.910 1686.234 1686.234 1686.445 1687.076 1687.815 1687.856 1688.549 1689.900 1690.073 1690.167 1690.535 1690.849 1691.192 1691.662 nan nan nan nan nan nan -9999.000 -9999.000 -9999.000 -9999.000 -9999.000 -9999.000 -9999.000 -9999.000 -9999.000
1688.892 1688.471 1687.043 1687.043 1687.198 1685.803 1685.364 1685.374 1685.773 1685.619 1685.296 1685.853 1685.570 1685.389 1685.205 1685.506 1685.608 1683.989 1683.391 1681.757 1681.526 1682.102 1682.912 1683.717 1684.158 1684.429 1685.394 1685.138 1685.447 1685.920 1686.160 1686.221 1686.754 1687.079 1687.501 1687.611 1688.248 1689.266 1689.113 1690.010 1690.060 1690.604 1691.274 nan nan nan nan nan nan nan nan nan -9999.000 -9999.000 -9999.000 -9999.000 -9999.000 -9999.000 -9999.000 -9999.000 -9999.000 -9999.000
