last_chance_experiments/output/topographicElevation_0.asc
nrows 223
cellsize 10.0
xllcorner 3564580.539
ncols 164
yllcorner 527068.107
nodata_value -9999
[rows 135 to 161 of 223, columns 62 to 123 of 164]
1688.936 1687.422 1687.276 1687.043 1687.060 1686.428 1685.972 1686.145 1686.110 1686.434 1685.931 1686.036 1686.484 1686.643 1686.986 1685.476 1685.226 1684.702 1683.718 1681.929 1681.526 1682.972 1683.668 1684.300 1685.226 1685.698 1685.715 1685.693 1686.026 1686.535 1686.511 1686.698 1686.758 1687.400 1687.727 1688.609 1688.557 1689.210 1690.101 1690.479 1691.150 1691.571 nan nan nan nan nan nan nan nan nan -9999.000 -9999.000 -9999.000 -9999.000 -9999.000 -9999.000 -9999.000 -9999.000 -9999.000 -9999.000 -9999.000
1688.617 1688.317 1688.616 1687.043 1687.526 1687.433 1687.458 1686.945 1686.865 1686.589 1686.639 1686.417 1687.455 1686.845 1686.516 1685.991 1685.675 1685.190 1684.226 1682.781 1682.491 1683.786 1684.724 1685.953 1686.022 1686.280 1686.415 1686.239 1686.706 1686.847 1687.576 1687.510 1687.573 1688.114 1688.461 1688.679 1689.677 1690.112 1690.983 1692.059 1692.344 nan nan nan nan nan nan nan nan nan -9999.000 -9999.000 -9999.000 -9999.000 -9999.000 -9999.000 -9999.000 -9999.000 -9999.000 -9999.000 -9999.000 -9999.000
1688.099 1687.836 1687.625 1687.625 1688.245 1687.932 1687.964 1687.590 1687.169 1687.161 1687.490 1687.099 1687.634 1687.112 1686.875 1686.375 1685.895 1685.292 1685.165 1683.896 1684.266 1684.921 1685.609 1685.973 1686.122 1686.536 1687.457 1687.157 1687.034 1687.160 1687.642 1688.215 1688.224 1688.495 1688.972 1689.524 1690.073 1691.454 1692.223 1692.620 nan nan nan nan nan nan nan nan nan -9999.000 -9999.000 -9999.000 -9999.000 -9999.000 -9999.000 -9999.000 -9999.000 -9999.000 -9999.000 -9999.000 -9999.000 -9999.000
1688.466 1688.621 1688.497 1688.519 1688.419 1688.552 1688.576 1688.832 1688.400 1687.611 1687.442 1686.958 1686.854 1686.688 1686.653 1686.210 1686.173 1685.494 1685.202 1685.094 1685.613 1685.563 1685.920 1686.348 1686.675 1687.401 1687.862 1687.906 1687.559 1688.422 1688.339 1688.554 1688.812 1689.258 1690.113 1690.340 1691.198 1692.019 1692.739 nan nan nan nan nan nan nan nan -9999.000 -9999.000 -9999.000 -9999.000 -9999.000 -9999.000 -9999.000 -9999.000 -9999.000 -9999.000 -9999.000 -9999.000 -9999.000 -9999.000 -9999.000
1689.140 1689.221 1689.100 1689.091 1688.970 1688.855 1688.674 1688.485 1688.095 1687.800 1687.573 1687.501 1687.280 1687.044 1686.776 1686.520 1686.682 1686.353 1685.844 1686.277 1685.923 1686.366 1687.467 1687.130 1688.200 1688.328 1687.862 1687.898 1688.687 1689.033 1688.846 1689.085 1689.994 1690.299 1691.014 1691.206 1692.042 1692.567 1693.247 nan nan nan nan nan nan -9999.000 -9999.000 -9999.000 -9999.000 -9999.000 -9999.000 -9999.000 -9999.000 -9999.000 -9999.000 -9999.000 -9999.000 -9999.000 -9999.000 -9999.000 -9999.000 -9999.000
1689.885 1689.805 1689.751 1689.666 1689.481 1689.353 1689.093 1688.796 1688.885 1688.271 1688.146 1688.430 1688.153 1687.648 1687.599 1687.147 1687.432 1687.010 1686.635 1687.060 1686.832 1687.287 1687.640 1687.671 1688.344 1688.475 1688.059 1688.552 1688.987 1689.439 1689.465 1689.798 1690.188 1690.849 1691.350 1691.835 1692.497 1693.163 nan nan nan nan nan nan -9999.000 -9999.000 -9999.000 -9999.000 -9999.000 -9999.000 -9999.000 -9999.000 -9999.000 -9999.000 -9999.000 -9999.000 -9999.000 -9999.000 -9999.000 -9999.000 -9999.000 -9999.000
1690.516 1690.416 1690.302 1690.441 1690.462 1689.730 1689.494 1689.231 1688.995 1688.719 1688.471 1688.503 1688.233 1687.916 1687.350 1687.147 1687.322 1687.014 1686.937 1686.937 1687.125 1687.252 1687.523 1687.751 1688.129 1688.212 1688.915 1689.615 1689.352 1690.008 1690.358 1690.342 1690.739 1691.381 1691.779 1692.480 1692.818 nan nan nan nan nan nan -9999.000 -9999.000 -9999.000 -9999.000 -9999.000 -9999.000 -9999.000 -9999.000 -9999.000 -9999.000 -9999.000 -9999.000 -9999.000 -9999.000 -9999.000 -9999.000 -9999.000 -9999.000 -9999.000
1691.062 1690.900 1691.067 1690.568 1690.359 1690.129 1690.496 1690.291 1689.433 1689.037 1688.775 1688.498 1688.184 1687.878 1687.589 1687.392 1687.220 1686.937 1686.937 1687.473 1687.714 1688.424 1687.947 1688.052 1688.355 1689.011 1689.702 1689.943 1689.747 1689.948 1690.589 1691.296 1691.868 1691.781 1692.774 1693.355 nan nan nan nan nan -9999.000 -9999.000 -9999.000 -9999.000 -9999.000 -9999.000 -9999.000 -9999.000 -9999.000 -9999.000 -9999.000 -9999.000 -9999.000 -9999.000 -9999.000 -9999.000 -9999.000 -9999.000 -9999.000 -9999.000 -9999.000
1691.558 1691.357 1691.077 1691.642 1690.687 1691.232 1690.286 1690.129 1689.631 1689.433 1689.088 1689.026 1688.472 1688.188 1687.868 1688.218 1687.363 1688.092 1688.121 1688.440 1687.990 1688.568 1688.282 1688.676 1689.477 1690.553 1690.150 1690.386 1690.343 1690.838 1691.168 1691.984 1691.868 1692.427 1692.860 1693.384 nan nan nan nan -9999.000 -9999.000 -9999.000 -9999.000 -9999.000 -9999.000 -9999.000 -9999.000 -9999.000 -9999.000 -9999.000 -9999.000 -9999.000 -9999.000 -9999.000 -9999.000 -9999.000 -9999.000 -9999.000 -9999.000 -9999.000 -9999.000
1691.976 1691.748 1691.546 1692.413 1691.796 1691.438 1690.561 1690.416 1689.963 1689.770 1690.177 1689.654 1688.819 1688.462 1688.240 1687.933 1687.854 1689.371 1688.901 1688.440 1688.610 1689.478 1689.392 1689.060 1690.522 1690.496 1690.574 1690.733 1690.785 1691.292 1691.974 1692.327 1692.491 1692.816 1693.209 nan nan nan nan nan -9999.000 -9999.000 -9999.000 -9999.000 -9999.000 -9999.000 -9999.000 -9999.000 -9999.000 -9999.000 -9999.000 -9999.000 -9999.000 -9999.000 -9999.000 -9999.000 -9999.000 -9999.000 -9999.000 -9999.000 -9999.000 -9999.000
1692.408 1692.177 1692.047 1692.171 1692.053 1692.014 1690.742 1690.416 1690.516 1689.887 1689.849 1689.554 1689.307 1688.700 1688.712 1688.448 1688.108 1688.564 1688.564 1688.677 1688.987 1689.347 1689.347 1689.407 1690.414 1690.496 1690.512 1690.743 1691.115 1692.000 1692.374 1692.327 1693.052 1693.747 nan nan nan nan nan nan -9999.000 -9999.000 -9999.000 -9999.000 -9999.000 -9999.000 -9999.000 -9999.000 -9999.000 -9999.000 -9999.000 -9999.000 -9999.000 -9999.000 -9999.000 -9999.000 -9999.000 -9999.000 -9999.000 -9999.000 -9999.000 -9999.000
1692.859 1692.484 1692.442 1691.976 1691.681 1691.466 1691.466 1691.841 1690.406 1690.094 1690.028 1689.878 1689.315 1688.999 1688.898 1688.902 1688.659 1689.428 1688.693 1689.504 1689.420 1689.347 1689.944 1689.970 1690.694 1690.860 1690.977 1691.468 1691.976 1691.976 1692.114 1692.592 nan nan nan nan nan nan nan -9999.000 -9999.000 -9999.000 -9999.000 -9999.000 -9999.000 -9999.000 -9999.000 -9999.000 -9999.000 -9999.000 -9999.000 -9999.000 -9999.000 -9999.000 -9999.000 -9999.000 -9999.000 -9999.000 -9999.000 -9999.000 -9999.000 -9999.000
1693.682 1692.945 1692.709 1692.778 1692.071 1691.736 1691.372 1691.372 1690.685 1690.346 1691.043 1691.131 1689.626 1689.416 1689.431 1689.506 1688.995 1689.706 1688.838 1688.997 1689.234 1689.353 1690.009 1690.417 1690.605 1691.237 1691.032 1691.779 1691.905 1692.822 nan nan nan nan nan nan nan nan -9999.000 -9999.000 -9999.000 -9999.000 -9999.000 -9999.000 -9999.000 -9999.000 -9999.000 -9999.000 -9999.000 -9999.000 -9999.000 -9999.000 -9999.000 -9999.000 -9999.000 -9999.000 -9999.000 -9999.000 -9999.000 -9999.000 -9999.000 -9999.000
1693.962 1693.576 1693.025 1692.737 1692.562 1692.203 1691.760 1691.425 1691.073 1690.671 1690.412 1690.217 1690.032 1689.839 1689.584 1689.434 1689.385 1689.563 1689.170 1689.443 1689.634 1690.007 1690.007 1691.263 1691.724 1691.875 1691.616 1692.498 1692.647 nan nan nan nan nan nan nan nan -9999.000 -9999.000 -9999.000 -9999.000 -9999.000 -9999.000 -9999.000 -9999.000 -9999.000 -9999.000 -9999.000 -9999.000 -9999.000 -9999.000 -9999.000 -9999.000 -9999.000 -9999.000 -9999.000 -9999.000 -9999.000 -9999.000 -9999.000 -9999.000 -9999.000
1693.982 1693.632 1693.334 1692.979 1692.751 1692.457 1692.139 1691.707 1691.312 1691.026 1690.734 1690.490 1690.337 1690.123 1689.825 1689.670 1689.833 1689.854 1689.482 1690.399 1690.358 1690.305 1690.355 1691.578 1691.594 1691.961 1691.926 1692.346 nan nan nan nan nan nan nan -9999.000 -9999.000 -9999.000 -9999.000 -9999.000 -9999.000 -9999.000 -9999.000 -9999.000 -9999.000 -9999.000 -9999.000 -9999.000 -9999.000 -9999.000 -9999.000 -9999.000 -9999.000 -9999.000 -9999.000 -9999.000 -9999.000 -9999.000 -9999.000 -9999.000 -9999.000 -9999.000
1694.389 1694.034 1693.690 1693.326 1692.990 1692.722 1692.344 1691.958 1691.628 1691.555 1691.080 1690.663 1690.491 1690.222 1689.984 1690.059 1690.285 1690.905 1690.427 1690.988 1690.861 1690.507 1690.804 1691.234 1691.694 1692.807 nan nan nan nan nan nan nan nan -9999.000 -9999.000 -9999.000 -9999.000 -9999.000 -9999.000 -9999.000 -9999.000 -9999.000 -9999.000 -9999.000 -9999.000 -9999.000 -9999.000 -9999.000 -9999.000 -9999.000 -9999.000 -9999.000 -9999.000 -9999.000 -9999.000 -9999.000 -9999.000 -9999.000 -9999.000 -9999.000 -9999.000
1694.686 1694.370 1694.031 1693.680 1693.378 1693.565 1693.131 1692.255 1691.981 1691.711 1691.122 1690.845 1690.677 1690.485 1690.230 1690.531 1691.436 1690.744 1690.427 1690.427 1690.944 1690.884 1690.804 1691.882 1691.899 nan nan nan nan nan nan nan -9999.000 -9999.000 -9999.000 -9999.000 -9999.000 -9999.000 -9999.000 -9999.000 -9999.000 -9999.000 -9999.000 -9999.000 -9999.000 -9999.000 -9999.000 -9999.000 -9999.000 -9999.000 -9999.000 -9999.000 -9999.000 -9999.000 -9999.000 -9999.000 -9999.000 -9999.000 -9999.000 -9999.000 -9999.000 -9999.000
1695.129 1694.732 1694.895 1693.993 1693.884 1693.300 1692.940 1692.708 1692.411 1692.091 1691.568 1692.118 1691.067 1690.874 1690.667 1690.599 1690.599 1690.599 1691.315 1691.126 1691.407 1691.436 1691.159 1691.502 nan nan nan nan nan nan nan nan -9999.000 -9999.000 -9999.000 -9999.000 -9999.000 -9999.000 -9999.000 -9999.000 -9999.000 -9999.000 -9999.000 -9999.000 -9999.000 -9999.000 -9999.000 -9999.000 -9999.000 -9999.000 -9999.000 -9999.000 -9999.000 -9999.000 -9999.000 -9999.000 -9999.000 -9999.000 -9999.000 -9999.000 -9999.000 -9999.000
1695.784 1695.133 1694.738 1694.303 1694.009 1693.661 1693.351 1692.976 1692.599 1692.364 1691.920 1692.682 1691.536 1691.285 1691.406 1691.193 1691.018 1691.311 1691.311 1691.670 1691.633 1691.434 1691.434 nan nan nan nan nan nan nan nan -9999.000 -9999.000 -9999.000 -9999.000 -9999.000 -9999.000 -9999.000 -9999.000 -9999.000 -9999.000 -9999.000 -9999.000 -9999.000 -9999.000 -9999.000 -9999.000 -9999.000 -9999.000 -9999.000 -9999.000 -9999.000 -9999.000 -9999.000 -9999.000 -9999.000 -9999.000 -9999.000 -9999.000 -9999.000 -9999.000 -9999.000
1695.836 1695.515 1695.065 1694.670 1694.324 1694.008 1693.679 1693.406 1693.050 1693.623 1692.306 1692.179 1691.875 1691.801 1691.508 1691.421 1692.695 1691.666 1692.037 1691.654 1691.654 1691.699 nan nan nan nan nan nan -9999.000 nan -9999.000 -9999.000 -9999.000 -9999.000 -9999.000 -9999.000 -9999.000 -9999.000 -9999.000 -9999.000 -9999.000 -9999.000 -9999.000 -9999.000 -9999.000 -9999.000 -9999.000 -9999.000 -9999.000 -9999.000 -9999.000 -9999.000 -9999.000 -9999.000 -9999.000 -9999.000 -9999.000 -9999.000 -9999.000 -9999.000 -9999.000 -9999.000
1696.158 1695.803 1695.393 1695.008 1694.682 1694.317 1693.954 1693.682 1693.425 1692.972 1692.694 1692.468 1692.639 1692.490 1692.394 1691.994 1692.008 1692.717 1692.290 1692.285 nan nan nan nan nan nan nan nan -9999.000 -9999.000 -9999.000 -9999.000 -9999.000 -9999.000 -9999.000 -9999.000 -9999.000 -9999.000 -9999.000 -9999.000 -9999.000 -9999.000 -9999.000 -9999.000 -9999.000 -9999.000 -9999.000 -9999.000 -9999.000 -9999.000 -9999.000 -9999.000 -9999.000 -9999.000 -9999.000 -9999.000 -9999.000 -9999.000 -9999.000 -9999.000 -9999.000 -9999.000
1696.519 1695.831 1695.544 1695.273 1694.863 1694.468 1694.199 1693.910 1693.589 1693.201 1693.026 1692.833 1693.334 1692.799 1692.164 1692.014 1692.008 1692.672 1691.970 nan nan nan nan nan nan nan nan nan -9999.000 -9999.000 -9999.000 -9999.000 -9999.000 -9999.000 -9999.000 -9999.000 -9999.000 -9999.000 -9999.000 -9999.000 -9999.000 -9999.000 -9999.000 -9999.000 -9999.000 -9999.000 -9999.000 -9999.000 -9999.000 -9999.000 -9999.000 -9999.000 -9999.000 -9999.000 -9999.000 -9999.000 -9999.000 -9999.000 -9999.000 -9999.000 -9999.000 -9999.000
1696.758 1696.204 1695.998 1695.713 1695.199 1694.850 1694.547 1694.238 1693.872 1693.639 1693.423 1693.177 1693.085 1692.911 1692.474 1692.350 1692.155 1692.027 1691.970 nan nan nan nan nan nan nan nan -9999.000 -9999.000 -9999.000 -9999.000 -9999.000 -9999.000 -9999.000 -9999.000 -9999.000 -9999.000 -9999.000 -9999.000 -9999.000 -9999.000 -9999.000 -9999.000 -9999.000 -9999.000 -9999.000 -9999.000 -9999.000 -9999.000 -9999.000 -9999.000 -9999.000 -9999.000 -9999.000 -9999.000 -9999.000 -9999.000 -9999.000 -9999.000 -9999.000 -9999.000 -9999.000
1697.113 1696.774 1696.455 1696.194 1695.648 1695.151 1694.804 1694.498 1694.227 1693.984 1694.417 1694.422 1693.159 1693.016 1692.916 1693.461 1693.687 nan nan nan nan nan nan nan nan nan -9999.000 -9999.000 -9999.000 -9999.000 -9999.000 -9999.000 -9999.000 -9999.000 -9999.000 -9999.000 -9999.000 -9999.000 -9999.000 -9999.000 -9999.000 -9999.000 -9999.000 -9999.000 -9999.000 -9999.000 -9999.000 -9999.000 -9999.000 -9999.000 -9999.000 -9999.000 -9999.000 -9999.000 -9999.000 -9999.000 -9999.000 -9999.000 -9999.000 -9999.000 -9999.000 -9999.000
1697.509 1697.146 1696.749 1696.464 1696.140 1695.526 1695.051 1694.707 1694.550 1694.707 1694.122 1693.714 1693.418 nan nan nan nan nan nan nan nan nan -9999.000 -9999.000 -9999.000 -9999.000 -9999.000 -9999.000 -9999.000 -9999.000 -9999.000 -9999.000 -9999.000 -9999.000 -9999.000 -9999.000 -9999.000 -9999.000 -9999.000 -9999.000 -9999.000 -9999.000 -9999.000 -9999.000 -9999.000 -9999.000 -9999.000 -9999.000 -9999.000 -9999.000 -9999.000 -9999.000 -9999.000 -9999.000 -9999.000 -9999.000 -9999.000 -9999.000 -9999.000 -9999.000 -9999.000 -9999.000
1697.860 1697.394 1696.990 1696.771 1696.571 1696.040 1695.524 1695.368 1695.146 1695.160 1694.693 nan nan nan nan nan nan nan nan nan nan -9999.000 -9999.000 -9999.000 -9999.000 -9999.000 -9999.000 -9999.000 -9999.000 -9999.000 -9999.000 -9999.000 -9999.000 -9999.000 -9999.000 -9999.000 -9999.000 -9999.000 -9999.000 -9999.000 -9999.000 -9999.000 -9999.000 -9999.000 -9999.000 -9999.000 -9999.000 -9999.000 -9999.000 -9999.000 -9999.000 -9999.000 -9999.000 -9999.000 -9999.000 -9999.000 -9999.000 -9999.000 -9999.000 -9999.000 -9999.000 -9999.000
1698.134 1697.692 1697.252 1696.947 1696.705 1696.406 1696.100 1695.843 1696.043 1694.963 nan nan nan nan nan nan nan nan nan nan -9999.000 -9999.000 -9999.000 -9999.000 -9999.000 -9999.000 -9999.000 -9999.000 -9999.000 -9999.000 -9999.000 -9999.000 -9999.000 -9999.000 -9999.000 -9999.000 -9999.000 -9999.000 -9999.000 -9999.000 -9999.000 -9999.000 -9999.000 -9999.000 -9999.000 -9999.000 -9999.000 -9999.000 -9999.000 -9999.000 -9999.000 -9999.000 -9999.000 -9999.000 -9999.000 -9999.000 -9999.000 -9999.000 -9999.000 -9999.000 -9999.000 -9999.000
