last_chance_experiments/output/topographicElevation_0.asc
nrows 223
cellsize 10.0
xllcorner 3564580.539
ncols 164
yllcorner 527068.107
nodata_value -9999
[rows 81 to 107 of 223, columns 62 to 123 of 164]
-9999.000 -9999.000 -9999.000 -9999.000 -9999.000 -9999.000 -9999.000 -9999.000 -9999.000 -9999.000 -9999.000 -9999.000 -9999.000 -9999.000 -9999.000 -9999.000 -9999.000 -9999.000 -9999.000 nan nan nan nan 1670.864 1670.727 1670.639 1670.599 1670.361 1670.136 1669.747 1669.148 1667.935 1665.288 1661.912 1658.064 1653.908 1649.236 1641.775 1635.171 1631.272 1634.818 1641.092 1648.822 1653.317 1657.133 1660.780 1663.564 1665.779 1667.123 1668.031 1668.759 1669.505 1669.780 1670.162 1670.717 1671.018 1671.389 1671.997 1672.990 1673.262 1673.291 1674.233
-9999.000 -9999.000 -9999.000 -9999.000 -9999.000 -9999.000 -9999.000 -9999.000 -9999.000 -9999.000 -9999.000 -9999.000 -9999.000 -9999.000 -9999.000 -9999.000 -9999.000 -9999.000 -9999.000 nan nan nan nan 1671.065 1671.003 1670.870 1670.772 1670.529 1670.193 1669.644 1668.996 1667.397 1664.388 1660.985 1656.867 1652.582 1646.327 1640.030 1634.055 1633.596 1638.702 1645.675 1651.631 1655.308 1659.105 1662.257 1664.922 1666.738 1667.800 1668.482 1669.101 1670.119 1670.242 1670.761 1671.222 1671.736 1672.012 1672.730 1673.369 1673.962 1674.065 1674.624
-9999.000 -9999.000 -9999.000 -9999.000 -9999.000 -9999.000 -9999.000 -9999.000 -9999.000 -9999.000 -9999.000 -9999.000 -9999.000 -9999.000 -9999.000 -9999.000 -9999.000 -9999.000 -9999.000 nan nan nan nan 1671.250 1671.264 1671.184 1670.993 1670.612 1670.247 1669.568 1668.602 1666.637 1663.269 1659.756 1655.642 1651.247 1644.283 1638.984 1634.445 1636.164 1643.535 1650.148 1653.890 1657.486 1661.039 1663.707 1666.237 1667.630 1668.685 1669.205 1669.583 1670.327 1671.060 1671.333 1671.823 1672.246 1672.934 1673.787 1674.093 1674.278 1674.695 1675.349
-9999.000 -9999.000 -9999.000 -9999.000 -9999.000 -9999.000 -9999.000 -9999.000 -9999.000 -9999.000 -9999.000 -9999.000 -9999.000 -9999.000 -9999.000 -9999.000 -9999.000 -9999.000 -9999.000 nan nan nan nan 1671.548 1671.415 1671.383 1671.135 1670.802 1670.221 1669.693 1668.287 1665.825 1662.352 1658.613 1654.530 1649.663 1643.156 1638.589 1635.867 1639.806 1648.036 1652.705 1656.130 1659.781 1662.724 1665.326 1667.558 1668.444 1668.875 1669.954 1670.229 1670.654 1671.436 1671.963 1672.169 1672.981 1673.380 1674.283 1674.835 1675.662 1676.302 1676.864
-9999.000 -9999.000 -9999.000 -9999.000 -9999.000 -9999.000 -9999.000 -9999.000 -9999.000 -9999.000 -9999.000 -9999.000 -9999.000 -9999.000 -9999.000 -9999.000 -9999.000 -9999.000 -9999.000 nan nan nan nan nan 1671.629 1671.517 1671.250 1670.808 1670.354 1669.494 1667.753 1664.952 1661.640 1657.724 1653.731 1649.172 1642.033 1637.316 1636.782 1643.658 1651.168 1654.784 1658.353 1661.783 1664.424 1666.703 1668.350 1669.196 1669.496 1670.186 1670.722 1671.286 1671.973 1672.251 1673.100 1673.874 1674.493 1674.650 1675.129 1676.455 1677.489 1678.144
-9999.000 -9999.000 -9999.000 -9999.000 -9999.000 -9999.000 -9999.000 -9999.000 -9999.000 -9999.000 -9999.000 -9999.000 -9999.000 -9999.000 -9999.000 -9999.000 -9999.000 -9999.000 -9999.000 -9999.000 nan nan nan nan nan 1671.706 1671.418 1670.892 1670.491 1669.320 1667.064 1664.073 1660.897 1657.084 1653.065 1647.844 1640.964 1637.316 1639.735 1646.601 1652.607 1656.305 1660.117 1663.338 1666.233 1667.842 1668.849 1669.593 1670.165 1671.230 1671.813 1671.679 1672.221 1673.912 1673.746 1674.616 1675.043 1675.171 1675.932 1676.930 1678.122 1679.132
-9999.000 -9999.000 -9999.000 -9999.000 -9999.000 -9999.000 -9999.000 -9999.000 -9999.000 -9999.000 -9999.000 -9999.000 -9999.000 -9999.000 -9999.000 -9999.000 -9999.000 -9999.000 -9999.000 -9999.000 nan nan nan nan nan 1671.760 1671.396 1671.042 1670.529 1669.085 1666.709 1663.606 1660.339 1656.336 1652.479 1645.531 1641.126 1637.666 1642.535 1649.133 1654.106 1657.895 1661.626 1664.642 1667.101 1668.664 1669.964 1669.814 1670.616 1671.378 1671.641 1672.221 1673.012 1673.864 1674.569 1674.992 1675.909 1676.272 1677.098 1678.029 1679.009 1679.886
-9999.000 -9999.000 -9999.000 -9999.000 -9999.000 -9999.000 -9999.000 -9999.000 -9999.000 -9999.000 -9999.000 -9999.000 -9999.000 -9999.000 -9999.000 -9999.000 -9999.000 -9999.000 -9999.000 -9999.000 nan nan nan nan nan 1672.002 1671.509 1671.133 1670.525 1668.917 1666.250 1663.332 1659.799 1655.768 1651.613 1645.388 1639.455 1639.455 1644.326 1650.454 1655.108 1659.174 1662.792 1665.785 1668.178 1669.281 1670.021 1670.627 1671.197 1671.717 1672.288 1672.699 1674.035 1675.282 1674.759 1675.467 1676.539 1677.375 1678.275 1679.044 1679.690 1680.290
-9999.000 -9999.000 -9999.000 -9999.000 -9999.000 -9999.000 -9999.000 -9999.000 -9999.000 -9999.000 -9999.000 -9999.000 -9999.000 -9999.000 -9999.000 -9999.000 -9999.000 -9999.000 -9999.000 -9999.000 nan nan nan nan nan 1672.139 1671.604 1671.134 1670.245 1668.616 1665.905 1662.923 1659.289 1655.254 1650.913 1645.571 1640.165 1641.146 1646.505 1652.300 1656.215 1659.808 1663.466 1666.833 1668.757 1669.735 1670.341 1670.964 1671.673 1672.065 1672.716 1673.237 1674.265 1674.889 1675.719 1676.263 1677.014 1677.639 1678.459 1680.137 1680.734 1680.837
-9999.000 -9999.000 -9999.000 -9999.000 -9999.000 -9999.000 -9999.000 -9999.000 -9999.000 -9999.000 -9999.000 -9999.000 -9999.000 -9999.000 -9999.000 -9999.000 -9999.000 -9999.000 -9999.000 -9999.000 nan nan nan nan nan 1672.343 1671.801 1671.226 1670.180 1668.506 1665.692 1662.572 1658.905 1655.107 1651.718 1645.738 1640.551 1641.630 1647.860 1653.802 1657.653 1661.700 1664.594 1666.751 1669.098 1669.981 1670.637 1671.364 1672.064 1672.708 1673.067 1673.803 1674.384 1675.184 1676.045 1676.732 1677.123 1678.407 1679.510 1680.624 1680.864 1681.882
-9999.000 -9999.000 -9999.000 -9999.000 -9999.000 -9999.000 -9999.000 -9999.000 -9999.000 -9999.000 -9999.000 -9999.000 -9999.000 -9999.000 -9999.000 -9999.000 -9999.000 -9999.000 -9999.000 -9999.000 nan nan nan nan nan 1672.405 1671.942 1671.180 1670.042 1668.138 1665.127 1662.233 1658.426 1654.850 1651.044 1645.000 1641.303 1642.690 1649.491 1654.999 1659.019 1662.841 1666.475 1668.411 1670.078 1671.225 1671.057 1672.117 1672.734 1673.909 1673.717 1675.026 1674.890 1675.492 1676.240 1676.876 1677.753 1678.611 1680.208 1680.851 1681.698 1682.364
-9999.000 -9999.000 -9999.000 -9999.000 -9999.000 -9999.000 -9999.000 -9999.000 -9999.000 -9999.000 -9999.000 -9999.000 -9999.000 -9999.000 -9999.000 -9999.000 -9999.000 -9999.000 -9999.000 nan nan nan nan nan 1672.923 1672.567 1672.080 1671.179 1669.898 1667.468 1664.446 1661.352 1657.614 1654.168 1649.438 1644.236 1641.303 1644.976 1651.538 1656.944 1660.572 1664.029 1667.206 1668.978 1669.904 1670.599 1671.648 1671.947 1673.312 1673.403 1674.029 1675.113 1675.602 1675.973 1676.484 1677.248 1678.234 1679.439 1680.690 1681.038 1681.794 1682.620
-9999.000 -9999.000 -9999.000 -9999.000 -9999.000 -9999.000 -9999.000 -9999.000 -9999.000 -9999.000 -9999.000 -9999.000 -9999.000 -9999.000 -9999.000 -9999.000 -9999.000 -9999.000 -9999.000 nan nan nan nan nan 1673.122 1672.761 1672.152 1671.062 1669.472 1666.582 1663.695 1660.118 1656.543 1652.668 1646.971 1643.634 1643.634 1647.957 1653.398 1658.037 1662.149 1665.471 1668.154 1669.852 1670.903 1671.341 1671.791 1672.892 1673.604 1674.072 1674.483 1674.928 1676.008 1676.553 1677.040 1677.849 1678.859 1679.976 1681.310 1681.513 1682.096 1683.723
-9999.000 -9999.000 -9999.000 -9999.000 -9999.000 -9999.000 -9999.000 -9999.000 -9999.000 -9999.000 -9999.000 -9999.000 -9999.000 -9999.000 -9999.000 -9999.000 -9999.000 -9999.000 nan nan nan nan nan 1673.762 1673.445 1672.935 1672.053 1670.967 1668.811 1665.653 1662.561 1658.738 1654.901 1649.906 1644.484 1644.484 1647.251 1651.929 1656.010 1659.588 1663.285 1666.345 1668.633 1670.643 1670.862 1671.442 1672.003 1672.673 1674.579 1674.691 1674.483 1675.820 1676.055 1677.481 1677.880 1678.112 1679.074 1679.960 1681.593 1681.513 1682.414 1683.303
-9999.000 -9999.000 -9999.000 -9999.000 -9999.000 -9999.000 -9999.000 -9999.000 -9999.000 -9999.000 -9999.000 -9999.000 -9999.000 -9999.000 -9999.000 -9999.000 -9999.000 nan nan nan nan nan 1674.504 1674.073 1673.622 1673.152 1672.279 1670.667 1667.875 1664.804 1661.297 1657.276 1652.988 1648.327 1644.484 1646.534 1651.265 1655.350 1658.558 1661.821 1664.824 1667.521 1669.387 1670.312 1671.588 1671.935 1672.312 1673.140 1674.545 1674.622 1675.055 1676.080 1676.721 1676.859 1677.927 1678.745 1679.521 1680.042 1681.293 1682.047 1682.587 1684.009
-9999.000 -9999.000 -9999.000 -9999.000 -9999.000 -9999.000 -9999.000 -9999.000 -9999.000 -9999.000 -9999.000 -9999.000 -9999.000 -9999.000 -9999.000 -9999.000 nan nan nan nan nan 1674.748 1674.877 1674.311 1673.872 1673.098 1671.986 1670.094 1666.977 1663.857 1659.982 1656.185 1651.291 1645.773 1645.158 1649.968 1654.661 1658.370 1661.196 1664.089 1666.555 1669.137 1670.491 1671.521 1672.056 1672.116 1672.692 1674.115 1674.115 1674.683 1675.240 1676.285 1676.931 1677.627 1678.176 1679.353 1679.989 1680.978 1681.316 1682.217 1682.707 1683.345
-9999.000 -9999.000 -9999.000 -9999.000 -9999.000 -9999.000 -9999.000 -9999.000 -9999.000 -9999.000 -9999.000 -9999.000 -9999.000 -9999.000 -9999.000 nan nan nan nan nan 1675.125 1675.135 1674.867 1674.525 1674.193 1673.234 1671.835 1669.516 1666.559 1663.041 1658.955 1655.014 1648.702 1645.773 1648.296 1653.448 1657.475 1660.683 1663.804 1666.415 1668.180 1669.626 1670.692 1671.267 1672.155 1672.544 1673.138 1673.868 1674.473 1675.081 1675.656 1676.377 1677.058 1677.419 1678.698 1679.292 1680.050 1680.593 1682.179 1682.579 1682.879 1684.210
-9999.000 -9999.000 -9999.000 -9999.000 -9999.000 -9999.000 -9999.000 -9999.000 -9999.000 -9999.000 -9999.000 -9999.000 -9999.000 -9999.000 -9999.000 nan nan nan nan nan 1675.520 1675.429 1675.089 1674.731 1674.099 1673.126 1671.683 1669.057 1665.910 1662.351 1658.016 1653.344 1647.858 1646.606 1651.527 1656.264 1659.658 1663.026 1665.709 1668.111 1669.468 1670.586 1671.249 1672.193 1672.520 1672.934 1673.764 1674.979 1675.103 1675.521 1676.150 1676.750 1677.269 1678.213 1678.465 1679.384 1680.302 1681.204 1682.521 1682.806 1683.558 1684.220
-9999.000 -9999.000 -9999.000 -9999.000 -9999.000 -9999.000 -9999.000 -9999.000 -9999.000 -9999.000 -9999.000 -9999.000 -9999.000 -9999.000 -9999.000 -9999.000 nan nan nan nan nan 1675.734 1675.204 1674.738 1674.273 1673.230 1671.588 1668.815 1665.581 1661.843 1657.553 1652.944 1647.858 1648.301 1653.824 1658.228 1661.833 1665.134 1667.762 1669.434 1670.594 1671.631 1671.978 1672.516 1673.012 1673.269 1674.091 1674.774 1675.846 1675.642 1676.291 1676.957 1678.292 1678.654 1678.687 1679.832 1680.543 1681.836 1682.566 1682.924 1683.376 1683.979
-9999.000 -9999.000 -9999.000 -9999.000 -9999.000 -9999.000 -9999.000 -9999.000 -9999.000 -9999.000 -9999.000 -9999.000 -9999.000 -9999.000 -9999.000 -9999.000 nan nan nan nan nan 1675.925 1675.292 1674.858 1674.202 1673.049 1671.317 1668.450 1665.341 1661.564 1657.297 1652.521 1648.459 1649.194 1655.269 1659.598 1663.643 1666.692 1669.083 1670.416 1671.307 1671.993 1672.581 1672.795 1673.190 1673.698 1675.038 1675.144 1675.800 1675.958 1676.909 1677.418 1678.072 1678.583 1679.600 1680.022 1680.984 1681.854 1682.895 1683.755 1683.760 1684.004
-9999.000 -9999.000 -9999.000 -9999.000 -9999.000 -9999.000 -9999.000 -9999.000 -9999.000 -9999.000 -9999.000 -9999.000 -9999.000 -9999.000 -9999.000 nan nan nan nan nan 1676.549 1676.259 1675.594 1675.000 1674.238 1673.217 1671.285 1668.486 1665.398 1661.660 1657.491 1652.744 1648.459 1649.681 1655.969 1660.610 1664.839 1668.017 1670.098 1671.216 1671.971 1672.330 1673.052 1673.267 1674.072 1674.418 1675.388 1675.786 1676.392 1676.534 1677.249 1677.759 1678.403 1679.227 1679.432 1680.007 1681.177 1682.167 1682.808 1683.391 1683.934 1684.543
-9999.000 -9999.000 -9999.000 -9999.000 -9999.000 -9999.000 -9999.000 -9999.000 -9999.000 -9999.000 -9999.000 -9999.000 -9999.000 -9999.000 -9999.000 nan nan nan nan nan 1676.764 1676.638 1675.863 1675.374 1674.486 1673.183 1671.575 1669.123 1665.552 1661.835 1657.782 1652.927 1648.459 1651.387 1656.974 1661.787 1666.142 1669.288 1670.839 1671.968 1672.464 1673.127 1673.301 1673.717 1674.284 1675.196 1675.607 1676.094 1676.468 1677.145 1677.805 1678.299 1678.773 1679.454 1680.166 1680.382 1681.234 1682.327 1683.377 1683.646 1683.981 1684.344
-9999.000 -9999.000 -9999.000 -9999.000 -9999.000 -9999.000 -9999.000 -9999.000 -9999.000 -9999.000 -9999.000 -9999.000 -9999.000 -9999.000 nan nan nan nan nan 1677.163 1676.901 1676.510 1675.917 1675.400 1674.683 1673.333 1671.916 1668.942 1665.542 1661.851 1657.776 1652.791 1649.488 1653.112 1658.109 1662.853 1666.877 1669.968 1671.523 1672.385 1673.047 1673.478 1673.734 1674.252 1675.018 1676.056 1676.123 1676.519 1676.982 1677.952 1678.432 1679.245 1679.371 1680.290 1680.492 1680.940 1681.701 1682.785 1683.756 1683.800 1684.344 1684.678
-9999.000 -9999.000 -9999.000 -9999.000 -9999.000 -9999.000 -9999.000 -9999.000 -9999.000 -9999.000 -9999.000 -9999.000 -9999.000 nan nan nan nan nan 1677.647 1677.641 1677.119 1676.526 1676.055 1675.520 1674.608 1673.538 1671.762 1669.099 1665.554 1661.796 1657.907 1652.676 1649.906 1654.309 1659.231 1663.808 1667.611 1670.560 1672.219 1673.041 1673.593 1674.247 1674.377 1674.868 1675.540 1676.755 1676.658 1677.489 1677.855 1678.238 1678.732 1679.785 1679.995 1681.021 1680.969 1681.687 1682.206 1683.977 1684.039 1684.223 1685.185 1685.063
-9999.000 -9999.000 -9999.000 -9999.000 -9999.000 -9999.000 -9999.000 -9999.000 -9999.000 -9999.000 -9999.000 -9999.000 nan nan nan nan nan 1678.309 1677.918 1677.720 1677.329 1676.743 1676.216 1675.591 1674.633 1673.637 1671.874 1669.220 1665.714 1661.803 1657.819 1652.872 1651.274 1655.404 1660.300 1664.841 1668.436 1671.141 1672.633 1673.543 1674.245 1675.091 1674.872 1675.418 1676.428 1676.693 1677.672 1678.121 1678.489 1678.893 1679.479 1680.144 1681.173 1681.312 1681.557 1682.252 1683.142 1684.343 1684.106 1685.093 1685.771 1685.315
-9999.000 -9999.000 -9999.000 -9999.000 -9999.000 -9999.000 -9999.000 -9999.000 -9999.000 -9999.000 -9999.000 nan nan nan nan nan 1678.866 1678.672 1678.231 1677.934 1677.639 1676.863 1676.434 1675.846 1674.882 1673.878 1672.294 1669.242 1666.203 1662.148 1657.592 1652.836 1651.435 1656.260 1661.123 1665.723 1669.389 1671.885 1673.136 1673.948 1674.591 1674.890 1675.396 1676.050 1676.966 1677.807 1678.192 1678.680 1679.094 1679.961 1680.611 1680.765 1681.556 1681.490 1682.116 1682.763 1683.893 1684.642 1684.654 1685.235 1686.020 nan
-9999.000 -9999.000 -9999.000 -9999.000 -9999.000 -9999.000 -9999.000 -9999.000 -9999.000 -9999.000 nan nan nan nan nan 1679.261 1679.142 1678.876 1678.517 1678.214 1677.641 1677.107 1676.559 1675.950 1675.103 1674.241 1672.585 1669.587 1666.406 1662.677 1658.671 1653.694 1652.266 1656.482 1661.612 1666.390 1670.230 1672.508 1673.718 1674.431 1674.799 1675.286 1676.110 1676.557 1677.976 1678.989 1678.827 1680.044 1681.048 1680.710 1681.277 1681.352 1681.608 1682.339 1683.202 1683.211 1684.320 1684.635 1685.307 1685.943 1685.866 nan
