last_chance_experiments/output/topographicElevation_0.asc
nrows 223
cellsize 10.0
xllcorner 3564580.539
ncols 164
yllcorner 527068.107
nodata_value -9999
[rows 54 to 80 of 223, columns 62 to 123 of 164]
-9999.000 -9999.000 -9999.000 -9999.000 -9999.000 -9999.000 -9999.000 -9999.000 -9999.000 -9999.000 -9999.000 -9999.000 -9999.000 -9999.000 -9999.000 -9999.000 -9999.000 -9999.000 -9999.000 -9999.000 -9999.000 -9999.000 -9999.000 nan nan nan nan nan 1664.455 1664.052 1663.937 1664.000 1663.756 1663.357 1662.747 1661.196 1658.540 1655.718 1651.729 1647.626 1639.790 1630.537 1622.417 1614.653 1607.701 1601.131 1594.305 1586.358 1584.756 1589.606 1593.823 1600.570 1608.013 1615.280 1624.244 1634.311 1644.083 1648.471 1651.987 1654.982 1656.430 1657.157
-9999.000 -9999.000 -9999.000 -9999.000 -9999.000 -9999.000 -9999.000 -9999.000 -9999.000 -9999.000 -9999.000 -9999.000 -9999.000 -9999.000 -9999.000 -9999.000 -9999.000 -9999.000 -9999.000 -9999.000 -9999.000 -9999.000 -9999.000 nan nan nan nan nan 1664.461 1664.337 1664.218 1664.143 1663.954 1663.531 1663.010 1661.517 1658.940 1655.986 1652.261 1647.998 1641.286 1633.004 1624.167 1616.229 1609.071 1602.206 1595.217 1586.825 1585.057 1589.794 1595.540 1602.155 1609.418 1616.593 1626.452 1637.791 1646.042 1650.029 1653.925 1656.786 1658.216 1659.116
-9999.000 -9999.000 -9999.000 -9999.000 -9999.000 -9999.000 -9999.000 -9999.000 -9999.000 -9999.000 -9999.000 -9999.000 -9999.000 -9999.000 -9999.000 -9999.000 -9999.000 -9999.000 -9999.000 -9999.000 -9999.000 -9999.000 -9999.000 nan nan nan nan nan 1664.803 1664.572 1664.452 1664.353 1664.100 1663.809 1663.309 1662.146 1659.620 1656.688 1652.934 1649.028 1643.499 1634.410 1626.861 1617.883 1609.840 1602.949 1595.815 1587.981 1586.546 1590.972 1597.063 1603.486 1610.282 1617.996 1627.975 1640.726 1647.661 1651.244 1655.269 1657.978 1659.725 1660.446
-9999.000 -9999.000 -9999.000 -9999.000 -9999.000 -9999.000 -9999.000 -9999.000 -9999.000 -9999.000 -9999.000 -9999.000 -9999.000 -9999.000 -9999.000 -9999.000 -9999.000 -9999.000 -9999.000 -9999.000 -9999.000 -9999.000 -9999.000 nan nan nan nan nan 1664.864 1664.807 1664.720 1664.471 1664.228 1663.949 1663.540 1662.652 1660.370 1657.402 1653.881 1649.916 1645.575 1637.550 1629.312 1619.444 1610.296 1603.193 1596.244 1590.243 1588.721 1592.161 1599.137 1604.727 1610.957 1618.632 1628.733 1640.234 1647.421 1651.687 1655.972 1658.766 1660.510 1661.124
-9999.000 -9999.000 -9999.000 -9999.000 -9999.000 -9999.000 -9999.000 -9999.000 -9999.000 -9999.000 -9999.000 -9999.000 -9999.000 -9999.000 -9999.000 -9999.000 -9999.000 -9999.000 -9999.000 -9999.000 -9999.000 -9999.000 -9999.000 nan nan nan nan nan 1665.112 1665.114 1664.866 1664.466 1664.263 1664.004 1663.693 1662.918 1660.782 1657.866 1654.446 1650.577 1646.562 1639.845 1631.831 1619.876 1609.980 1603.251 1597.083 1592.491 1590.863 1594.653 1602.012 1607.772 1613.708 1621.270 1629.449 1639.730 1647.703 1652.092 1656.275 1659.144 1660.962 1661.645
-9999.000 -9999.000 -9999.000 -9999.000 -9999.000 -9999.000 -9999.000 -9999.000 -9999.000 -9999.000 -9999.000 -9999.000 -9999.000 -9999.000 -9999.000 -9999.000 -9999.000 -9999.000 -9999.000 -9999.000 -9999.000 -9999.000 -9999.000 nan nan nan nan nan 1665.363 1665.334 1665.065 1664.672 1664.453 1664.160 1663.850 1663.059 1660.937 1658.274 1654.919 1650.824 1646.284 1638.630 1629.512 1618.652 1609.646 1603.531 1597.571 1593.070 1591.637 1598.400 1605.000 1611.057 1618.062 1627.647 1636.141 1643.559 1649.282 1653.242 1656.939 1659.610 1661.292 1661.957
-9999.000 -9999.000 -9999.000 -9999.000 -9999.000 -9999.000 -9999.000 -9999.000 -9999.000 -9999.000 -9999.000 -9999.000 -9999.000 -9999.000 -9999.000 -9999.000 -9999.000 -9999.000 -9999.000 -9999.000 -9999.000 -9999.000 -9999.000 nan nan nan nan nan 1665.549 1665.472 1665.208 1664.916 1664.664 1664.293 1663.966 1663.282 1661.215 1658.603 1655.167 1651.030 1646.413 1637.143 1628.176 1617.550 1609.739 1602.748 1596.245 1593.070 1595.885 1601.364 1607.657 1615.299 1625.737 1634.702 1642.512 1647.771 1651.374 1655.140 1658.174 1660.554 1661.936 1662.201
-9999.000 -9999.000 -9999.000 -9999.000 -9999.000 -9999.000 -9999.000 -9999.000 -9999.000 -9999.000 -9999.000 -9999.000 -9999.000 -9999.000 -9999.000 -9999.000 -9999.000 -9999.000 -9999.000 -9999.000 -9999.000 -9999.000 -9999.000 nan nan nan nan 1665.984 1665.826 1665.639 1665.322 1665.153 1664.828 1664.514 1664.211 1663.517 1661.427 1658.766 1655.226 1651.026 1645.927 1636.590 1627.556 1617.598 1609.844 1603.081 1596.237 1596.237 1600.581 1605.617 1611.548 1619.061 1628.957 1637.323 1645.599 1650.071 1653.637 1656.825 1659.514 1661.528 1662.367 1662.950
-9999.000 -9999.000 -9999.000 -9999.000 -9999.000 -9999.000 -9999.000 -9999.000 -9999.000 -9999.000 -9999.000 -9999.000 -9999.000 -9999.000 -9999.000 -9999.000 -9999.000 -9999.000 -9999.000 -9999.000 -9999.000 -9999.000 -9999.000 nan nan nan nan nan 1666.046 1665.946 1665.654 1665.299 1665.047 1664.768 1664.425 1663.727 1661.489 1658.776 1655.066 1650.775 1644.580 1635.560 1627.224 1618.472 1610.525 1603.393 1598.121 1598.625 1602.801 1609.396 1617.474 1625.009 1631.607 1640.134 1646.965 1651.855 1655.595 1658.545 1660.882 1662.288 1663.052 1663.440
-9999.000 -9999.000 -9999.000 -9999.000 -9999.000 -9999.000 -9999.000 -9999.000 -9999.000 -9999.000 -9999.000 -9999.000 -9999.000 -9999.000 -9999.000 -9999.000 -9999.000 -9999.000 -9999.000 -9999.000 -9999.000 -9999.000 -9999.000 nan nan nan nan nan 1666.233 1665.982 1665.746 1665.571 1665.364 1665.062 1664.739 1663.730 1661.358 1658.669 1654.928 1650.693 1645.797 1636.187 1627.454 1618.839 1611.744 1605.217 1600.466 1600.407 1605.605 1613.967 1625.056 1632.330 1637.273 1644.694 1649.871 1653.784 1657.428 1660.281 1662.209 1663.159 1663.748 1664.159
-9999.000 -9999.000 -9999.000 -9999.000 -9999.000 -9999.000 -9999.000 -9999.000 -9999.000 -9999.000 -9999.000 -9999.000 -9999.000 -9999.000 -9999.000 -9999.000 -9999.000 -9999.000 -9999.000 -9999.000 -9999.000 -9999.000 -9999.000 nan nan nan nan nan 1666.489 1666.288 1666.045 1665.773 1665.516 1665.184 1664.803 1663.620 1661.185 1658.556 1654.860 1650.745 1645.743 1636.679 1628.715 1620.929 1611.561 1606.176 1603.111 1602.778 1609.149 1619.124 1632.217 1638.668 1643.812 1648.685 1652.397 1656.172 1659.278 1661.777 1663.116 1664.065 1664.432 1664.435
-9999.000 -9999.000 -9999.000 -9999.000 -9999.000 -9999.000 -9999.000 -9999.000 -9999.000 -9999.000 -9999.000 -9999.000 -9999.000 -9999.000 -9999.000 -9999.000 -9999.000 -9999.000 -9999.000 -9999.000 -9999.000 -9999.000 -9999.000 nan nan nan nan nan 1666.776 1666.582 1666.421 1666.166 1665.749 1665.339 1664.833 1663.623 1661.121 1658.510 1654.918 1650.950 1645.873 1637.578 1630.288 1621.460 1612.116 1607.443 1603.794 1604.922 1612.720 1624.142 1636.381 1643.830 1647.849 1651.351 1655.073 1658.367 1661.249 1663.103 1663.792 1664.248 1664.527 1664.749
-9999.000 -9999.000 -9999.000 -9999.000 -9999.000 -9999.000 -9999.000 -9999.000 -9999.000 -9999.000 -9999.000 -9999.000 -9999.000 -9999.000 -9999.000 -9999.000 -9999.000 -9999.000 -9999.000 -9999.000 -9999.000 -9999.000 -9999.000 nan nan nan nan nan 1667.017 1666.992 1666.578 1666.354 1666.012 1665.637 1664.981 1663.875 1661.367 1658.906 1655.243 1651.468 1646.681 1639.392 1631.877 1621.258 1612.483 1608.510 1605.307 1610.755 1616.786 1625.255 1635.767 1646.159 1650.231 1653.939 1657.492 1660.512 1662.704 1663.983 1664.399 1664.938 1665.168 1665.112
-9999.000 -9999.000 -9999.000 -9999.000 -9999.000 -9999.000 -9999.000 -9999.000 -9999.000 -9999.000 -9999.000 -9999.000 -9999.000 -9999.000 -9999.000 -9999.000 -9999.000 -9999.000 -9999.000 -9999.000 -9999.000 -9999.000 -9999.000 nan nan nan nan nan 1667.229 1667.047 1666.952 1666.614 1666.215 1665.858 1665.199 1663.996 1661.571 1659.076 1655.600 1651.765 1647.440 1640.485 1631.837 1621.327 1612.587 1608.510 1609.118 1614.529 1620.467 1626.839 1635.545 1647.154 1651.742 1655.960 1659.469 1662.277 1663.908 1664.486 1665.005 1665.674 1665.467 1665.461
-9999.000 -9999.000 -9999.000 -9999.000 -9999.000 -9999.000 -9999.000 -9999.000 -9999.000 -9999.000 -9999.000 -9999.000 -9999.000 -9999.000 -9999.000 -9999.000 -9999.000 -9999.000 -9999.000 -9999.000 -9999.000 -9999.000 nan nan nan nan nan 1667.600 1667.662 1667.215 1667.055 1666.796 1666.443 1666.015 1665.378 1664.042 1661.553 1658.897 1655.167 1651.632 1647.530 1640.020 1631.967 1620.666 1610.647 1610.243 1612.278 1617.369 1623.447 1630.746 1638.406 1646.973 1652.400 1657.118 1660.842 1663.466 1664.674 1665.202 1665.651 1665.985 1666.137 1666.063
-9999.000 -9999.000 -9999.000 -9999.000 -9999.000 -9999.000 -9999.000 -9999.000 -9999.000 -9999.000 -9999.000 -9999.000 -9999.000 -9999.000 -9999.000 -9999.000 -9999.000 -9999.000 -9999.000 -9999.000 -9999.000 nan nan nan nan nan 1667.790 1668.228 1667.680 1667.416 1667.256 1667.019 1666.668 1666.114 1665.553 1663.896 1661.194 1658.271 1654.185 1650.443 1645.262 1637.383 1630.197 1618.509 1611.734 1611.930 1615.975 1620.910 1625.616 1631.708 1638.494 1646.465 1652.904 1657.838 1661.846 1664.248 1665.203 1666.167 1665.995 1665.994 1666.123 1666.633
-9999.000 -9999.000 -9999.000 -9999.000 -9999.000 -9999.000 -9999.000 -9999.000 -9999.000 -9999.000 -9999.000 -9999.000 -9999.000 -9999.000 -9999.000 -9999.000 -9999.000 -9999.000 -9999.000 -9999.000 nan nan nan nan nan 1668.424 1667.956 1668.013 1667.821 1667.864 1667.839 1667.335 1666.961 1666.248 1665.410 1663.197 1660.394 1656.915 1652.863 1648.362 1641.888 1634.807 1626.125 1618.193 1613.624 1615.088 1620.481 1624.976 1629.888 1634.888 1640.093 1647.244 1653.774 1658.688 1663.325 1665.268 1665.675 1666.148 1666.202 1666.715 1667.077 1667.260
-9999.000 -9999.000 -9999.000 -9999.000 -9999.000 -9999.000 -9999.000 -9999.000 -9999.000 -9999.000 -9999.000 -9999.000 -9999.000 -9999.000 -9999.000 -9999.000 -9999.000 -9999.000 -9999.000 nan nan nan nan 1668.447 1668.448 1668.278 1668.132 1668.043 1667.892 1667.864 1667.966 1667.366 1667.026 1666.319 1665.047 1662.371 1659.369 1655.376 1651.412 1645.741 1638.744 1632.598 1624.122 1618.343 1614.495 1618.219 1623.814 1628.868 1633.613 1638.349 1643.343 1649.633 1655.303 1660.049 1663.842 1665.990 1666.556 1666.836 1666.875 1667.342 1667.489 1667.910
-9999.000 -9999.000 -9999.000 -9999.000 -9999.000 -9999.000 -9999.000 -9999.000 -9999.000 -9999.000 -9999.000 -9999.000 -9999.000 -9999.000 -9999.000 -9999.000 -9999.000 -9999.000 nan nan nan nan nan 1668.617 1668.569 1668.530 1668.430 1668.265 1668.094 1668.174 1667.847 1667.535 1667.038 1666.316 1664.551 1661.603 1658.227 1653.850 1649.283 1642.751 1636.316 1630.101 1622.156 1618.058 1617.939 1622.610 1628.505 1633.188 1637.571 1642.465 1647.715 1653.061 1657.639 1661.906 1664.902 1666.142 1666.539 1666.809 1667.290 1667.412 1667.979 1668.655
-9999.000 -9999.000 -9999.000 -9999.000 -9999.000 -9999.000 -9999.000 -9999.000 -9999.000 -9999.000 -9999.000 -9999.000 -9999.000 -9999.000 -9999.000 -9999.000 -9999.000 -9999.000 nan nan nan nan nan 1668.775 1668.745 1668.692 1668.710 1668.514 1668.309 1668.245 1668.000 1667.633 1666.951 1666.052 1663.881 1660.881 1657.160 1652.760 1647.732 1641.278 1634.228 1625.919 1621.228 1618.455 1621.455 1629.127 1633.889 1637.755 1643.067 1648.048 1652.762 1656.604 1661.099 1664.359 1665.952 1666.510 1667.078 1667.604 1667.940 1668.315 1669.080 1669.367
-9999.000 -9999.000 -9999.000 -9999.000 -9999.000 -9999.000 -9999.000 -9999.000 -9999.000 -9999.000 -9999.000 -9999.000 -9999.000 -9999.000 -9999.000 -9999.000 -9999.000 -9999.000 nan nan nan nan nan 1668.937 1669.030 1668.901 1668.922 1668.745 1668.556 1668.475 1668.239 1667.657 1666.907 1665.692 1663.089 1660.217 1656.362 1652.324 1647.293 1640.321 1631.308 1623.236 1621.400 1623.538 1627.758 1635.525 1640.310 1645.729 1650.493 1653.642 1656.940 1660.169 1663.771 1665.847 1666.774 1667.083 1667.763 1668.042 1668.500 1669.070 1669.509 1669.856
-9999.000 -9999.000 -9999.000 -9999.000 -9999.000 -9999.000 -9999.000 -9999.000 -9999.000 -9999.000 -9999.000 -9999.000 -9999.000 -9999.000 -9999.000 -9999.000 -9999.000 -9999.000 nan nan nan nan nan 1669.250 1669.223 1669.108 1669.091 1669.051 1668.932 1668.764 1668.463 1667.892 1666.971 1665.414 1662.571 1659.714 1655.840 1652.010 1646.317 1638.194 1628.176 1623.236 1623.876 1628.483 1633.777 1640.370 1646.436 1651.176 1654.351 1657.391 1660.236 1662.959 1665.514 1667.071 1667.589 1667.906 1668.402 1668.715 1669.307 1669.660 1669.983 1670.116
-9999.000 -9999.000 -9999.000 -9999.000 -9999.000 -9999.000 -9999.000 -9999.000 -9999.000 -9999.000 -9999.000 -9999.000 -9999.000 -9999.000 -9999.000 -9999.000 -9999.000 -9999.000 nan nan nan nan nan 1669.428 1669.410 1669.354 1669.410 1669.337 1669.220 1668.995 1668.723 1668.097 1667.031 1665.101 1662.196 1659.253 1655.324 1651.488 1645.351 1636.497 1626.635 1623.460 1627.396 1632.301 1638.163 1644.089 1650.086 1654.247 1657.688 1660.474 1663.025 1665.082 1666.912 1667.518 1668.204 1668.600 1669.156 1669.191 1669.859 1669.854 1670.384 1670.796
-9999.000 -9999.000 -9999.000 -9999.000 -9999.000 -9999.000 -9999.000 -9999.000 -9999.000 -9999.000 -9999.000 -9999.000 -9999.000 -9999.000 -9999.000 -9999.000 -9999.000 -9999.000 nan nan nan nan 1669.668 1669.671 1669.552 1669.744 1669.710 1669.653 1669.423 1669.143 1668.825 1668.173 1666.953 1664.641 1661.796 1658.657 1654.664 1650.712 1644.087 1635.492 1628.256 1625.932 1630.376 1636.188 1642.433 1649.562 1654.092 1657.611 1660.550 1663.101 1665.165 1666.551 1667.357 1668.037 1668.677 1668.806 1669.425 1670.158 1669.962 1670.596 1671.170 1671.129
-9999.000 -9999.000 -9999.000 -9999.000 -9999.000 -9999.000 -9999.000 -9999.000 -9999.000 -9999.000 -9999.000 -9999.000 -9999.000 -9999.000 -9999.000 -9999.000 -9999.000 -9999.000 nan nan nan nan 1669.823 1669.905 1669.960 1670.042 1669.954 1669.791 1669.572 1669.334 1668.953 1668.192 1666.766 1664.130 1661.292 1657.828 1653.744 1649.566 1642.596 1634.884 1628.348 1627.533 1633.702 1641.520 1649.332 1653.952 1657.404 1660.434 1662.933 1665.191 1666.463 1667.356 1668.083 1668.735 1668.846 1669.785 1670.287 1670.935 1670.686 1671.120 1671.417 1671.587
-9999.000 -9999.000 -9999.000 -9999.000 -9999.000 -9999.000 -9999.000 -9999.000 -9999.000 -9999.000 -9999.000 -9999.000 -9999.000 -9999.000 -9999.000 -9999.000 -9999.000 -9999.000 nan nan nan nan 1670.283 1670.213 1670.302 1670.216 1670.115 1670.000 1669.716 1669.478 1669.051 1668.172 1666.576 1663.520 1660.398 1656.479 1652.720 1648.053 1640.856 1632.446 1628.676 1631.131 1638.970 1647.284 1653.210 1657.122 1660.156 1662.794 1664.874 1666.339 1667.663 1668.480 1668.410 1669.077 1670.096 1670.453 1670.518 1670.749 1671.118 1671.483 1672.198 1672.547
-9999.000 -9999.000 -9999.000 -9999.000 -9999.000 -9999.000 -9999.000 -9999.000 -9999.000 -9999.000 -9999.000 -9999.000 -9999.000 -9999.000 -9999.000 -9999.000 -9999.000 -9999.000 nan nan nan nan nan 1670.434 1670.536 1670.363 1670.360 1670.251 1669.940 1669.644 1669.175 1668.150 1666.106 1662.741 1659.474 1655.162 1651.041 1645.353 1638.157 1631.220 1631.220 1635.931 1645.042 1651.188 1655.320 1659.012 1662.077 1664.453 1666.175 1667.300 1668.342 1668.619 1669.050 1669.816 1670.410 1670.580 1670.855 1671.083 1672.241 1672.559 1673.555 1673.591
