last_chance_experiments/DEMs/lc1dem_rotate.txt
ncols	249																																																																																																																																																																																																																																																							
nrows	143																																																																																																																																																																																																																																																							
xllcorner	-104.8191458																																																																																																																																																																																																																																																							
yllcorner	32.14636285																																																																																																																																																																																																																																																							
cellsize	1.00E+01																																																																																																																																																																																																																																																							
NODATA_value	-9999																																																																																																																																																																																																																																																							
[rows 93 to 123 of 143, columns 70 to 139 of 249]
-9999 -9999 -9999 -9999 1697.921 1697.504 1697.504 1697.082 1696.807 1696.222 1695.925 1695.352 1694.991 1694.645 1694.346 1693.619 1693.254 1692.5 1692.083 1691.381 1691.012 1690.522 1690.071 1689.014 1688.477 1687.373 1686.62 1685.32 1685.32 1684.509 1683.774 1683.074 1682.876 1682.6 1682.571 1682.06 1682.06 1681.533 1681.143 1680.227 1678.837 1676.739 1676.46 1674.02 1672.861 1670.965 1670.852 1670.585 1670.683 1670.228 1670.118 1669.975 1669.456 1669.695 1668.973 1668.86 1668.178 1666.22 1666.22 1663.138 1661.142 1659.206 1659.206 1657.681 1660.596 1660.656 1660.656 1660.621 1663.756 1662.497
-9999 -9999 -9999 -9999 1698.23 1697.744 1697.439 1696.955 1696.608 1696.141 1696.141 1695.619 1695.234 1694.589 1694.112 1693.489 1692.943 1692.851 1692.384 1691.653 1691.332 1690.563 1690.071 1688.959 1688.437 1687.828 1687.149 1685.96 1685.397 1684.378 1684.061 1683.34 1683.34 1682.979 1683.089 1682.507 1682.639 1681.668 1681.921 1680.569 1680.603 1678.451 1678.298 1675.562 1674.899 1672.36 1672.539 1671.167 1671.6 1670.815 1670.967 1669.986 1669.664 1668.8 1668.8 1668.529 1669.106 1668.236 1668.728 1665.38 1666.115 1663.378 1663.378 1661.155 1664.946 1665.036 1669.243 1668.591 1670.454 1666.677
-9999 1699.301 1698.821 1698.584 1698.002 1697.705 1697.439 1697.098 1696.608 1696.244 1695.749 1695.339 1694.733 1694.733 1694.112 1693.609 1692.943 1692.529 1691.959 1691.655 1690.989 1690.989 1690.071 1689.661 1688.437 1687.941 1686.555 1686.126 1685.397 1685.011 1684.061 1684.069 1683.507 1683.694 1683.176 1683.314 1682.639 1682.897 1681.921 1682.126 1680.787 1680.332 1678.215 1678.215 1674.899 1674.465 1672.539 1672.796 1671.914 1672 1670.93 1670.93 1669.664 1669.584 1669.246 1670.219 1670.094 1670.353 1668.728 1669.042 1666.115 1667.809 1665.856 1668.96 1669.029 1671.531 1669.243 1671.43 1670.454 1671.621
1699.601 1699.46 1699.161 1698.873 1698.321 1698.008 1697.323 1696.897 1696.27 1695.819 1695.803 1695.329 1694.827 1694.308 1693.795 1693.469 1692.776 1692.776 1692.225 1691.959 1691.391 1691.072 1690.242 1689.719 1688.597 1688.597 1687.326 1686.82 1685.811 1685.57 1684.798 1684.854 1684.155 1684.308 1683.804 1683.941 1683.49 1683.671 1683.218 1683.218 1681.824 1681.953 1680.246 1679.62 1676.549 1675.928 1673.988 1673.988 1673.034 1672.856 1671.654 1671.024 1670.162 1670.156 1669.957 1670.499 1670.769 1671.143 1670.797 1671.364 1670.617 1671.484 1669.671 1671.187 1671.374 1672.378 1672.382 1673.036 1672.706 1672.706
1699.896 1699.783 1699.176 1698.875 1698.257 1697.885 1697.58 1697.133 1696.42 1695.909 1695.307 1694.933 1694.448 1694.448 1693.976 1693.747 1693.268 1693.107 1692.425 1692.215 1691.458 1691.458 1690.688 1690.11 1689.049 1688.544 1687.448 1687.111 1686.479 1686.15 1685.468 1685.405 1684.947 1685.021 1684.651 1684.786 1684.109 1684.322 1683.832 1683.904 1683.395 1683.336 1681.474 1681.474 1678.966 1678.323 1675.532 1675.135 1673.568 1672.839 1671.373 1671.373 1670.432 1670.454 1670.735 1671.477 1671.77 1672.391 1671.729 1672.315 1671.845 1672.337 1672.235 1672.999 1673.099 1674.043 1673.201 1673.953 1673.708 1674.291
1700.119 1699.561 1699.561 1698.875 1698.563 1697.885 1697.444 1696.7 1696.28 1695.474 1695.474 1694.933 1694.687 1694.206 1694.03 1693.56 1693.382 1693.107 1692.958 1692.215 1691.828 1690.987 1690.512 1689.6 1689.242 1688.544 1688.193 1687.111 1686.791 1686.006 1686.079 1685.53 1685.53 1685.021 1685.097 1684.786 1684.88 1684.509 1684.409 1683.904 1683.895 1683.336 1683.233 1680.85 1680.093 1677.389 1676.592 1675.135 1674.675 1672.839 1671.589 1670.675 1670.592 1671.082 1671.082 1671.477 1672.317 1672.391 1673.13 1672.766 1673.218 1672.997 1672.997 1672.999 1673.864 1674.043 1674.837 1674.61 1675.201 1674.291
1700.449 1699.973 1699.638 1698.943 1698.615 1697.923 1697.923 1697.052 1696.738 1695.922 1695.701 1695.099 1695.018 1694.553 1694.432 1693.895 1693.756 1693.247 1692.944 1692.102 1691.733 1691.333 1691 1690.138 1689.887 1688.924 1688.511 1687.482 1687.482 1686.615 1686.567 1686.081 1686.144 1685.733 1685.873 1685.46 1685.46 1684.911 1684.815 1684.312 1684.229 1683.632 1683.462 1682.67 1681.707 1679.067 1677.834 1675.632 1674.491 1672.18 1671.265 1670.855 1670.928 1671.282 1672.324 1672.747 1673.519 1673.777 1673.777 1673.698 1674.123 1673.956 1674.721 1674.559 1675.442 1675.338 1675.338 1675.438 1676.039 1675.728
1700.602 1700.005 1700.005 1699.342 1699.007 1698.276 1697.953 1697.23 1696.97 1696.22 1696.22 1695.622 1695.544 1694.911 1694.682 1694.139 1693.793 1693.526 1693.124 1692.352 1692.086 1691.467 1691.293 1690.482 1690.275 1689.633 1689.225 1688.081 1687.828 1687.034 1687.076 1686.662 1686.662 1686.235 1686.217 1685.798 1685.671 1685.211 1685.031 1684.715 1684.553 1684.016 1683.691 1682.792 1681.803 1679.125 1678.74 1676.525 1676.073 1673.298 1672.537 1671.54 1672.566 1672.845 1672.845 1673.272 1674.21 1674.369 1675.168 1674.984 1675.5 1675.403 1675.403 1675.25 1675.977 1676.059 1676.74 1676.85 1677.412 1676.641
1701.151 1700.486 1700.106 1699.346 1699.059 1698.369 1698.369 1697.672 1697.417 1696.734 1696.591 1696.012 1695.768 1695.343 1695.091 1694.412 1694.091 1693.276 1693.009 1692.436 1692.269 1691.865 1691.68 1691.089 1690.851 1689.933 1689.464 1688.436 1688.436 1687.636 1687.61 1687.174 1687.082 1686.57 1686.349 1685.854 1685.854 1685.485 1685.283 1684.848 1684.467 1683.919 1683.55 1683.316 1682.637 1680.795 1679.321 1677.092 1677.813 1674.555 1674.955 1672.855 1673.865 1673.682 1674.876 1674.82 1675.837 1675.869 1675.869 1675.81 1676.447 1676.209 1677.127 1676.765 1677.455 1677.504 1677.504 1677.36 1678.022 1677.986
1700.844 1700.471 1700.106 1699.77 1699.059 1698.895 1698.166 1697.857 1697.168 1696.931 1696.591 1696.361 1695.768 1695.494 1694.759 1694.447 1693.715 1693.715 1693.009 1692.803 1692.269 1692.097 1691.518 1691.316 1690.484 1690.484 1689.464 1689.105 1688.202 1688.134 1687.587 1687.449 1687.082 1686.885 1686.349 1686.038 1685.56 1685.202 1684.948 1684.948 1684.467 1684.007 1683.55 1683.05 1681.352 1680.141 1678.619 1678.619 1677.813 1677.242 1674.955 1675.661 1674.819 1675.818 1674.876 1675.93 1675.837 1676.819 1676.648 1677.34 1677.074 1677.72 1677.127 1677.701 1677.455 1678.299 1678.048 1678.565 1678.657 1678.657
1701.232 1700.955 1700.19 1699.927 1699.333 1699.088 1698.664 1698.275 1697.503 1697.292 1696.726 1696.467 1695.883 1695.883 1695.217 1694.892 1694.183 1693.838 1693.155 1692.932 1692.459 1692.459 1691.93 1691.7 1690.978 1690.568 1689.751 1689.551 1688.932 1688.728 1687.974 1687.702 1687.204 1686.861 1686.223 1685.788 1685.663 1685.309 1684.845 1684.508 1684.155 1683.823 1683.262 1683.262 1682.071 1681.155 1680.443 1680.038 1678.701 1679.06 1678.629 1678.629 1676.405 1677.762 1677.04 1678.2 1678.096 1678.778 1677.604 1678.299 1677.922 1678.587 1678.528 1679.066 1678.802 1679.412 1678.843 1679.255 1679.031 1679.534
1701.397 1701.193 1700.687 1700.437 1699.737 1699.51 1698.686 1698.278 1697.714 1697.52 1697.061 1696.869 1696.237 1695.953 1695.251 1694.818 1694.188 1694.188 1693.572 1693.307 1692.756 1692.56 1692.037 1691.609 1690.919 1690.919 1690.249 1689.909 1689.293 1688.978 1688.102 1687.764 1687.369 1687.011 1686.424 1686.035 1685.475 1685.203 1684.694 1684.694 1684.223 1683.929 1683.478 1683.123 1682.411 1681.321 1680.433 1680.433 1679.445 1679.919 1679.74 1679.916 1678.785 1679.823 1678.348 1679.32 1679.067 1679.711 1679.373 1679.988 1679.456 1680.101 1679.359 1679.884 1679.579 1679.977 1679.901 1680.3 1680.056 1680.056
1701.801 1701.612 1700.841 1700.449 1699.776 1699.382 1699.108 1698.685 1698.049 1697.881 1697.239 1696.899 1696.243 1696.243 1695.54 1695.137 1694.481 1694.225 1693.665 1693.397 1692.816 1692.816 1692.334 1691.953 1691.136 1690.749 1690.211 1689.933 1689.636 1689.389 1688.631 1688.305 1687.431 1687.044 1686.332 1685.945 1685.821 1685.498 1684.855 1684.484 1684.014 1683.627 1683.109 1683.109 1682.513 1681.311 1680.58 1680.748 1680.66 1681.709 1681.63 1681.63 1680.672 1681.217 1680.81 1681.408 1680.801 1681.398 1680.307 1680.924 1680.567 1681.109 1680.776 1681.249 1680.849 1681.287 1680.496 1681.026 1680.76 1681.262
1702.035 1701.302 1701.302 1700.449 1700.093 1699.382 1699.098 1698.426 1698.184 1697.561 1697.561 1696.899 1696.54 1695.875 1695.509 1694.845 1694.53 1694.225 1693.958 1693.397 1693.153 1692.63 1692.309 1691.444 1691.112 1690.749 1690.49 1689.933 1689.676 1689.079 1688.667 1687.951 1687.951 1687.044 1686.635 1685.945 1685.567 1685.07 1684.619 1684.484 1684.075 1683.627 1683.237 1682.66 1682.004 1680.969 1681.502 1680.748 1681.657 1681.709 1682.621 1681.955 1682.694 1681.959 1681.959 1681.408 1681.966 1681.398 1681.946 1681.509 1682.028 1681.712 1681.712 1681.249 1681.669 1681.287 1681.728 1681.478 1682.006 1681.262
1702.541 1701.774 1701.447 1700.529 1700.179 1699.501 1699.501 1698.839 1698.573 1697.85 1697.54 1696.879 1696.565 1696.183 1695.852 1695.187 1694.9 1694.31 1694.152 1693.597 1693.51 1692.931 1692.658 1691.804 1691.575 1690.885 1690.665 1689.993 1689.993 1689.384 1689.018 1688.21 1687.782 1686.98 1686.6 1685.811 1685.811 1685.151 1684.715 1684.18 1683.733 1683.312 1682.937 1682.832 1682.104 1681.661 1682.187 1682.496 1683.217 1683.234 1683.567 1683.092 1683.408 1683.157 1683.425 1683.103 1683.419 1683.034 1683.034 1682.549 1683.052 1682.561 1683.094 1682.678 1683.048 1682.558 1682.558 1682.2 1682.726 1682.517
1702.724 1701.958 1701.958 1701.13 1700.803 1700.005 1699.743 1698.976 1698.699 1697.933 1697.933 1697.282 1696.969 1696.231 1695.981 1695.304 1695.128 1694.719 1694.581 1694.071 1693.973 1693.229 1692.931 1692.222 1692.046 1691.459 1691.298 1690.483 1690.319 1689.547 1689.224 1688.172 1688.172 1687.383 1686.969 1686.209 1685.636 1684.842 1684.404 1684.278 1683.836 1683.326 1683.025 1682.401 1682.691 1682.758 1683.214 1682.965 1683.459 1683.521 1683.97 1683.914 1684.189 1683.992 1683.992 1683.667 1683.925 1683.703 1684.032 1683.669 1683.935 1683.674 1683.674 1683.425 1683.671 1683.302 1683.568 1683.339 1683.693 1683.167
1703.224 1702.488 1702.2 1701.339 1700.927 1700.158 1700.158 1699.48 1699.22 1698.442 1698.132 1697.415 1697.145 1696.658 1696.466 1695.784 1695.544 1694.956 1694.779 1694.237 1694.015 1693.691 1693.31 1692.698 1692.437 1691.871 1691.665 1690.931 1690.931 1690.172 1689.945 1688.831 1688.493 1687.529 1687.136 1686.005 1686.005 1685.188 1684.819 1683.987 1683.56 1683.061 1682.942 1682.682 1682.963 1683.073 1683.385 1683.616 1684.2 1684.287 1684.7 1684.41 1684.763 1684.353 1684.636 1684.435 1684.701 1684.485 1684.485 1684.292 1684.547 1684.274 1684.472 1684.248 1684.555 1684.188 1684.188 1683.853 1684.209 1684.04
1703.005 1702.72 1702.2 1701.743 1700.927 1700.664 1699.898 1699.635 1698.896 1698.584 1698.132 1697.82 1697.145 1696.895 1696.233 1696.028 1695.36 1695.36 1694.779 1694.61 1694.015 1693.725 1693.047 1692.788 1692.258 1692.258 1691.665 1691.36 1690.707 1690.472 1689.566 1689.151 1688.493 1688.15 1687.136 1686.808 1685.787 1685.457 1684.371 1684.371 1683.56 1683.29 1682.942 1683.1 1683.191 1683.63 1683.931 1683.931 1684.2 1684.694 1684.7 1684.968 1684.9 1685.022 1684.636 1684.961 1684.701 1684.952 1684.901 1685.167 1684.805 1685.213 1684.472 1684.817 1684.555 1684.809 1684.45 1684.713 1684.559 1684.559
1703.51 1703.162 1702.253 1701.835 1701.086 1700.833 1700.406 1700.145 1699.368 1699.109 1698.321 1698.063 1697.312 1697.312 1696.633 1696.458 1695.787 1695.586 1695.022 1694.812 1694.134 1694.134 1693.46 1693.202 1692.549 1692.343 1691.738 1691.549 1691.111 1690.938 1690.19 1689.823 1688.755 1688.468 1687.427 1687.064 1686.362 1685.968 1684.882 1684.62 1683.88 1684.163 1683.333 1683.333 1683.295 1683.883 1684.32 1684.948 1685.093 1685.352 1685.289 1685.289 1685.25 1685.536 1685.3 1685.578 1685.381 1685.744 1685.221 1685.576 1685.425 1685.831 1685.543 1685.797 1685.435 1685.671 1685.07 1685.332 1684.982 1685.319
1703.633 1703.184 1702.777 1702.356 1701.488 1701.152 1700.57 1700.231 1699.522 1699.266 1698.804 1698.482 1697.803 1697.553 1696.881 1696.692 1696.09 1696.09 1695.427 1695.216 1694.541 1694.268 1693.612 1693.429 1692.759 1692.759 1692.115 1691.965 1691.403 1691.24 1690.451 1690.331 1689.46 1689.275 1688.175 1687.945 1686.89 1687.102 1685.831 1685.831 1685.018 1685.788 1684.352 1685.021 1684.567 1685.322 1685.353 1685.353 1685.487 1685.797 1685.708 1686.126 1686.051 1686.301 1685.726 1686.008 1685.83 1686.274 1686.108 1686.53 1686.383 1686.667 1686.161 1686.415 1686.019 1686.207 1685.856 1686.105 1685.858 1685.858
1704.147 1703.184 1702.766 1701.993 1701.567 1700.954 1700.954 1700.231 1699.928 1699.266 1698.966 1698.228 1697.965 1697.553 1697.292 1696.692 1696.528 1695.88 1695.617 1694.968 1694.755 1694.268 1694.008 1693.429 1693.208 1692.505 1692.421 1691.902 1691.902 1691.24 1691.144 1690.331 1690.132 1688.98 1688.86 1687.968 1687.968 1687.102 1687.623 1686.812 1687.282 1686.151 1686.472 1685.021 1685.745 1685.322 1685.881 1685.833 1686.303 1686.22 1686.585 1686.126 1686.508 1686.301 1686.605 1686.442 1686.779 1686.703 1686.703 1686.53 1686.826 1686.667 1686.923 1686.632 1686.851 1686.468 1686.468 1686.105 1686.288 1686.117
1704.222 1703.283 1703.283 1702.417 1702.068 1701.284 1700.966 1700.4 1700.09 1699.386 1699.386 1698.637 1698.374 1697.701 1697.446 1696.944 1696.719 1696.302 1696.03 1695.386 1695.203 1694.506 1694.385 1693.761 1693.717 1693.159 1693.1 1692.405 1692.261 1691.748 1691.597 1690.798 1690.798 1689.877 1689.859 1689.095 1689.458 1688.8 1689.024 1688.091 1688.335 1687.445 1687.622 1686.838 1687.109 1686.561 1687.045 1686.34 1686.84 1686.742 1687.108 1686.92 1687.328 1687.157 1687.157 1686.966 1687.283 1687.113 1687.461 1687.408 1687.618 1687.444 1687.444 1687.186 1687.453 1687.18 1687.358 1686.993 1687.181 1686.596
1704.622 1703.776 1703.349 1702.493 1702.128 1701.376 1701.376 1700.664 1700.417 1699.805 1699.457 1698.795 1698.541 1698.113 1697.86 1697.261 1697.045 1696.45 1696.179 1695.534 1695.343 1694.944 1694.779 1694.216 1694.03 1693.524 1693.239 1692.648 1692.648 1692.119 1691.947 1691.343 1691.296 1690.806 1690.981 1690.46 1690.46 1689.771 1689.984 1689.189 1689.212 1688.519 1688.615 1687.801 1687.962 1687.329 1687.645 1687.466 1687.76 1687.583 1687.85 1687.446 1687.722 1687.638 1687.778 1687.742 1687.93 1687.861 1687.861 1687.732 1687.927 1687.885 1688.139 1687.912 1688.005 1687.773 1687.773 1687.525 1687.703 1687.418
1704.705 1703.851 1703.851 1702.993 1702.57 1701.788 1701.393 1700.571 1700.235 1699.76 1699.76 1699.105 1698.684 1698.13 1697.87 1697.337 1697.121 1696.766 1696.528 1695.928 1695.755 1695.173 1694.943 1694.365 1694.127 1693.859 1693.606 1692.979 1692.714 1692.172 1692.115 1691.856 1691.856 1691.441 1691.616 1691.148 1691.318 1690.746 1690.582 1689.854 1689.95 1689.322 1689.453 1688.769 1688.892 1688.267 1688.551 1688.038 1688.248 1687.96 1688.179 1688.083 1688.171 1688.068 1688.068 1687.976 1688.221 1688.165 1688.274 1688.277 1688.452 1688.354 1688.354 1688.234 1688.399 1688.167 1688.27 1688.009 1688.131 1687.82
1704.705 1704.252 1703.417 1702.977 1702.131 1701.641 1701.393 1700.903 1700.235 1699.883 1699.328 1698.964 1698.375 1698.375 1697.87 1697.658 1697.121 1696.892 1696.342 1696.089 1695.519 1695.519 1694.943 1694.745 1694.127 1693.87 1693.272 1693.024 1692.714 1692.506 1692.115 1692.32 1692.031 1692.138 1691.736 1691.8 1691.318 1691.381 1690.582 1690.636 1690.041 1690.058 1689.492 1689.492 1688.892 1688.981 1688.551 1688.797 1688.454 1688.621 1688.417 1688.417 1688.171 1688.251 1688.35 1688.513 1688.382 1688.49 1688.274 1688.404 1688.452 1688.518 1688.523 1688.683 1688.491 1688.631 1688.27 1688.425 1688.131 1688.209
1704.554 1704.035 1703.726 1703.196 1702.397 1701.887 1701.103 1700.608 1699.981 1699.64 1699.54 1699.266 1698.691 1698.436 1697.972 1697.702 1697.159 1697.159 1696.576 1696.386 1695.823 1695.557 1695 1694.736 1694.148 1694.148 1693.602 1693.404 1692.923 1692.917 1692.625 1692.732 1692.523 1692.522 1692.136 1692.143 1691.834 1691.795 1691.202 1691.202 1690.644 1690.555 1690.032 1689.995 1689.566 1689.646 1689.212 1689.212 1688.87 1688.935 1688.711 1688.822 1688.695 1688.757 1688.533 1688.689 1688.6 1688.725 1688.622 1688.734 1688.691 1688.706 1688.588 1688.674 1688.762 1688.683 1688.655 1688.604 1688.514 1688.514
1704.851 1704.333 1703.507 1702.985 1702.154 1701.568 1701.428 1700.851 1700.168 1699.749 1699.376 1699.189 1698.699 1698.699 1698.174 1697.911 1697.438 1697.204 1696.703 1696.446 1695.867 1695.867 1695.359 1695.096 1694.464 1694.223 1693.763 1693.718 1693.253 1693.259 1692.904 -9999 1692.71 -9999 1692.369 1692.259 1692.133 1691.99 1691.585 1691.422 1691.002 1690.836 1690.406 1690.406 1689.991 1689.963 1689.603 1689.564 1689.231 1689.257 1689.075 1689.075 1688.958 1689.002 1688.812 1688.875 1688.802 1688.794 1688.752 1688.811 1688.808 1688.851 1688.783 -9999 1688.774 1688.768 1688.655 1688.659 1688.56 1688.524
-9999 -9999 -9999 -9999 -9999 -9999 1701.01 -9999 -9999 -9999 1699.475 1699.216 1699.03 1698.746 1698.223 1697.931 1697.389 1697.389 1697.01 1696.675 1696.187 1695.866 1695.367 1695.05 1694.468 1694.468 1694.072 1694.001 1693.546 -9999 -9999 -9999 -9999 -9999 -9999 -9999 1692.14 1691.974 1691.596 1691.596 1691.277 1691.069 1690.698 1690.554 1690.121 1690.156 1689.781 1689.781 1689.466 1689.493 1689.282 1689.305 1689.12 1689.098 1688.998 1688.988 1688.943 1688.954 1688.843 -9999 -9999 -9999 -9999 -9999 -9999 -9999 1688.695 1688.644 1688.667 1688.667
-9999 -9999 -9999 -9999 -9999 -9999 -9999 -9999 -9999 -9999 -9999 1699.023 1698.803 1698.746 1698.428 1697.931 1697.599 1697.145 1696.958 1696.403 1696.078 1695.866 1695.571 1695.05 1694.734 1694.371 -9999 -9999 -9999 -9999 -9999 -9999 -9999 -9999 -9999 -9999 -9999 1691.974 -9999 -9999 -9999 1690.88 1690.725 1690.554 1690.259 1690.156 1689.968 1689.706 1689.71 1689.518 1689.432 1689.305 1689.28 1689.098 1689.097 1688.961 -9999 -9999 -9999 -9999 -9999 -9999 -9999 -9999 -9999 -9999 -9999 1688.644 -9999 -9999
-9999 -9999 -9999 -9999 -9999 -9999 -9999 -9999 -9999 -9999 -9999 -9999 -9999 1698.534 1698.277 1697.805 1697.538 1697.327 1696.997 1696.565 1696.245 1695.777 -9999 -9999 -9999 -9999 -9999 -9999 -9999 -9999 -9999 -9999 -9999 -9999 -9999 -9999 -9999 -9999 -9999 -9999 -9999 -9999 -9999 -9999 -9999 1690.103 1689.956 1689.869 1689.812 1689.658 1689.526 1689.379 -9999 -9999 -9999 -9999 -9999 -9999 -9999 -9999 -9999 -9999 -9999 -9999 -9999 -9999 -9999 -9999 -9999 -9999
-9999 -9999 -9999 -9999 -9999 -9999 -9999 -9999 -9999 -9999 -9999 -9999 -9999 -9999 -9999 -9999 -9999 -9999 -9999 -9999 -9999 -9999 -9999 -9999 -9999 -9999 -9999 -9999 -9999 -9999 -9999 -9999 -9999 -9999 -9999 -9999 -9999 -9999 -9999 -9999 -9999 -9999 -9999 -9999 -9999 -9999 -9999 1689.848 -9999 -9999 -9999 -9999 -9999 -9999 -9999 -9999 -9999 -9999 -9999 -9999 -9999 -9999 -9999 -9999 -9999 -9999 -9999 -9999 -9999 -9999
