last_chance_experiments/DEMs/lc1dem_rotate.txt
ncols	249																																																																																																																																																																																																																																																							
nrows	143																																																																																																																																																																																																																																																							
xllcorner	-104.8191458																																																																																																																																																																																																																																																							
yllcorner	32.14636285																																																																																																																																																																																																																																																							
cellsize	1.00E+01																																																																																																																																																																																																																																																							
NODATA_value	-9999																																																																																																																																																																																																																																																							
[rows 62 to 92 of 143, columns 140 to 209 of 249]
-9999 -9999 -9999 -9999 -9999 -9999 1671.962 1671.219 1671.135 1670.097 1669.651 1668.443 1667.689 1666.378 1666.378 1665.094 1663.941 1663.055 1661.968 1660.724 1659.486 1657.392 1657.392 1653.435 1648.529 1643.675 1636.239 1631.022 1621.537 1626.542 1614.904 1610.026 1606.437 1604.91 1607.903 1607.742 1612.783 1609.255 1615.731 1620.037 1627.853 1632.381 1639.018 1640.048 1640.048 1642.223 1648.071 1649.895 1652.656 1654.061 1656.636 1657.911 1657.911 1658.559 1659.593 1659.672 1660.157 1659.931 1660.272 1659.537 1659.881 1659.239 1659.457 1658.368 1658.508 1654.286 1653.637 1649.796 1648.493 1644.772
-9999 -9999 -9999 -9999 -9999 -9999 1672.677 1671.895 1671.497 1670.122 1669.3 1669.023 1668.179 1666.68 1665.312 1663.98 1662.859 1661.92 1661.92 1660.757 1659.484 1657.282 1653.446 1648.781 1643.208 1642.902 1635.799 1626.343 1618.28 1613.501 1609.84 1608.925 1612.866 1608.866 1612.307 1611.647 1616.094 1618.864 1625.685 1630.401 1630.401 1635.457 1642.148 1644.622 1648.548 1649.89 1652.567 1653.864 1653.864 1655.331 1657.581 1658.82 1659.776 1660.045 1660.66 1660.145 1660.719 1660.583 1660.999 1660.62 1660.962 1660.474 1660.772 1659.718 1659.895 1658.387 1658.054 1652.551 1651.334 1646.566
-9999 -9999 -9999 -9999 -9999 1673.422 1672.929 1672.575 1672.033 1670.663 1669.476 1668.246 1666.846 1665.249 1665.249 1663.743 1662.374 1661.592 1660.303 1659.167 1656.659 1653.301 1653.301 1648.944 1643.297 1636.518 1625.467 1617.619 1615.256 1613.798 1613.407 1612.423 1616.552 1616.342 1619.759 1619.472 1624.642 1621.732 1628.24 1632.777 1639.809 1644.218 1648.776 1650.63 1650.63 1651.531 1653.996 1654.951 1657.007 1658.254 1659.524 1660.13 1660.13 1660.5 1661.182 1661.278 1661.83 1661.638 1662.066 1661.343 1661.69 1661.237 1661.513 1660.947 1660.897 1659.737 1659.394 1657.144 1655.953 1650.292
-9999 -9999 -9999 -9999 -9999 1673.642 1672.929 1672.331 1671.124 1669.766 1668.174 1668.174 1666.846 1664.987 1663.333 1661.767 1660.92 1659.503 1660.303 1658.471 1656.659 1652.879 1648.872 1642.343 1635.623 1635.623 1625.467 1618.043 1615.256 1617.936 1617.291 1621.471 1620.396 1620.396 1619.759 1623.767 1624.642 1631.262 1635.203 1642.088 1639.809 1646.073 1648.776 1652.16 1653.257 1655.537 1656.068 1657.903 1657.007 1658.907 1659.524 1660.422 1660.915 1661.59 1661.791 1661.791 1661.83 1662.259 1662.066 1662.416 1662.044 1662.271 1661.614 1661.614 1660.897 1660.741 1659.394 1658.974 1654.537 1654.882
-9999 -9999 1674.725 1674.651 1673.987 1673.449 1672.514 1672.514 1671.428 1669.906 1668.139 1666.278 1664.707 1662.686 1662.989 1661.271 1660.226 1658.332 1657.391 1654.182 1651.926 1646.965 1648.202 1640.079 1632.75 1623.357 1619.547 1622.837 1623.108 1623.108 1622.824 1628.849 1626.404 1631.508 1629.138 1634.215 1634.908 1634.908 1638.235 1644.804 1647.726 1652.113 1653.911 1656.894 1654.963 1657.287 1657.509 1659.137 1659.339 1660.296 1660.726 1661.613 1661.221 1661.96 1662.196 1662.776 1662.771 1663.21 1663.037 1663.037 1662.687 1662.948 1662.378 1662.475 1661.623 1661.367 1660.155 1660.155 1658.441 1657.761
-9999 1675.572 1674.967 1674.967 1674.237 1673.571 1672.649 1671.597 1669.982 1668.038 1666.252 1666.252 1664.044 1662.242 1660.756 1658.753 1657.24 1653.813 1655.699 1652.415 1650.359 1644.378 1637.077 1626.916 1624.229 1624.229 1622.215 1627.269 1628.525 1635.1 1636.092 1640.305 1639.575 1639.575 1636.519 1641.652 1640.023 1645.831 1647.61 1652.244 1649.816 1654.131 1655.83 1658.507 1658.812 1659.882 1659.877 1660.704 1659.993 1660.828 1661.163 1662.037 1662.376 1663.023 1663.187 1663.187 1663.302 1663.819 1663.646 1664.011 1663.676 1663.897 1663.218 1663.218 1662.48 1662.287 1661.165 1660.82 1659.258 1658.827
-9999 1675.979 1675.275 1674.728 1673.686 1672.709 1671.607 1671.607 1669.939 1667.929 1666.099 1663.971 1661.934 1659.765 1660.102 1657.707 1655.877 1651.714 1649.924 1644.299 1639.542 1630.53 1633.475 1627.294 1626.678 1631.754 1631.999 1638.338 1639.272 1639.272 1639.963 1643.764 1645.165 1649.818 1648.852 1652.502 1650.987 1650.987 1650.576 1654.849 1656.044 1658.791 1659.482 1660.42 1659.864 1660.62 1660.675 1661.445 1661.479 1662.255 1662.488 1663.219 1662.742 1663.334 1663.566 1664.022 1664.209 1664.576 1664.618 1664.618 1664.306 1664.392 1663.939 1663.859 1663.129 1663.035 1661.833 1661.833 1660.294 1660.003
1676.503 1675.668 1675.04 1674.728 1673.815 1672.709 1671.48 1669.897 1667.786 1665.979 1663.866 1663.971 1661.803 1659.765 1657.083 1654.424 1650.165 1646.868 1646.868 1644.299 1635.443 1630.53 1628.795 1629.873 1636.335 1631.754 1637.689 1638.338 1645.073 1643.805 1647.65 1648.191 1653.127 1649.818 1653.72 1652.502 1655.652 1654.61 1657.698 1657.885 1657.885 1658.791 1660.226 1660.42 1661.338 1661.474 1662.243 1662.206 1662.206 1662.255 1663.042 1663.219 1663.871 1663.952 1664.587 1664.022 1664.557 1664.576 1664.932 1664.842 1664.888 1664.413 1664.509 1663.859 1663.863 1663.035 1662.851 1661.382 1661.359 1660.225
1676.816 1676.161 1675.355 1674.034 1672.788 1671.413 1669.533 1669.686 1667.589 1665.779 1663.67 1661.706 1659.541 1656.779 1656.779 1653.592 1649.431 1644.762 1638.27 1633.531 1630.374 1630.79 1630.79 1633.307 1641.175 1643.045 1649.043 1650.046 1653.841 1648.967 1652.549 1652.211 1656.63 1657.162 1659.396 1658.976 1660.157 1658.184 1659.753 1659.448 1660.542 1660.825 1661.869 1662.065 1662.065 1662.186 1662.997 1662.957 1663.711 1663.762 1664.486 1664.472 1664.472 1664.521 1665.216 1665.197 1665.716 1665.542 1665.853 1665.144 1665.431 1665.015 1665.268 1664.615 1664.789 1663.859 1664.157 1662.479 1662.603 1662.097
1676.207 1675.374 1674.153 1674.164 1672.735 1671.22 1669.173 1667.325 1665.109 1663.379 1661.128 1661.521 1659.378 1656.597 1652.987 1649.315 1643.792 1637.033 1637.033 1632.815 1631.893 1633.394 1642.132 1645.362 1650.664 1647.753 1652.058 1653.799 1657.697 1657.096 1659.24 1659.196 1660.402 1659.272 1660.432 1660.399 1661.23 1660.925 1661.823 1661.611 1661.611 1661.601 1662.679 1662.836 1663.734 1663.79 1664.571 1664.476 1664.476 1664.43 1665.193 1665.245 1666.015 1665.888 1666.532 1665.828 1666.341 1666.089 1666.501 1666.166 1666.524 1666.018 1666.292 1665.435 1665.782 1664.987 1665.377 1664.241 1665.138 1664.511
1676.207 1675.155 1674.153 1672.662 1671.047 1668.87 1666.84 1666.84 1665.109 1662.794 1661.128 1658.751 1656.284 1652.6 1652.987 1649.24 1643.792 1637.108 1632.942 1633.565 1637.272 1645.394 1642.132 1648.855 1650.664 1654.078 1656.415 1659.36 1659.526 1659.526 1659.24 1660.384 1660.402 1661.329 1661.355 1662.305 1662.09 1662.09 1661.823 1662.784 1662.635 1663.603 1663.633 1664.497 1663.734 1664.535 1664.571 1665.302 1665.242 1666.03 1665.994 1666.69 1666.015 1666.65 1666.532 1666.951 1666.779 1667.144 1666.889 1666.889 1666.524 1666.823 1666.292 1666.69 1666.608 1666.595 1665.573 1665.573 1665.138 1666.141
1674.93 1673.64 1672.463 1672.463 1670.818 1668.47 1666.316 1663.712 1662.187 1659.884 1658.02 1658.02 1655.531 1651.841 1648.869 1644.206 1638.381 1635.719 1633.987 1637.06 1641.099 1647.986 1650.882 1653.918 1655.289 1655.289 1657.282 1659.555 1660.385 1661.221 1661.27 1662.26 1662.29 1662.29 1662.328 1663.269 1663.173 1663.958 1663.827 1664.65 1663.688 1664.534 1664.481 1665.312 1665.369 1666.148 1666.085 1666.77 1666.056 1666.768 1666.744 1667.305 1667.204 1667.633 1667.482 1667.482 1667.309 1667.648 1667.427 1667.661 1667.427 1667.744 1667.641 1667.641 1667.236 1667.258 1666.634 1667.2 1667.085 1667.351
1674.494 1673.217 1672.078 1669.832 1667.739 1664.58 1662.754 1662.754 1661.274 1658.862 1656.737 1652.8 1650.495 1646.238 1648.115 1643.103 1638.715 1636.926 1640.359 1646.767 1650.055 1653.887 1652.369 1655.682 1656.675 1658.866 1659.697 1661.096 1661.879 1661.879 1662.16 1663.123 1663.191 1664.081 1664.116 1664.894 1664.864 1664.864 1664.763 1665.565 1665.419 1666.189 1666.119 1666.895 1666.147 1666.929 1666.817 1667.431 1667.394 1667.952 1667.85 1668.366 1667.732 1668.165 1668.068 1668.442 1668.205 1668.497 1668.213 1668.213 1667.996 1668.413 1668.135 1668.33 1667.821 1667.99 1667.805 1667.805 1667.776 1668.072
1672.701 1671.312 1669.218 1669.218 1666.845 1663.431 1661.477 1658.479 1656.851 1652.603 1650.386 1650.386 1648.816 1643.957 1641.448 1638.833 1639.239 1645.135 1643.012 1648.674 1651.703 1655.575 1657.217 1659.433 1659.786 1659.786 1660.22 1661.606 1662.372 1663.531 1663.887 1664.797 1664.907 1664.907 1664.944 1665.786 1665.728 1666.57 1666.466 1667.144 1666.337 1667.032 1666.94 1667.66 1667.599 1668.217 1668.123 1668.672 1668.014 1668.578 1668.465 1668.989 1668.821 1669.25 1669.044 1669.044 1668.799 1669.09 1668.907 1669.303 1668.927 1669.201 1668.935 1668.935 1668.428 1668.622 1668.423 1668.931 1668.684 1668.953
1672.309 1671.312 1668.557 1665.782 1662.115 1659.984 1656.45 1658.479 1654.592 1652.603 1647.86 1646.19 1641.856 1640.034 1640.034 1638.833 1641.695 1645.135 1650.167 1653.037 1656.831 1658.435 1658.435 1659.433 1660.602 1660.985 1662.237 1662.883 1664.047 1663.531 1664.537 1664.797 1665.663 1665.768 1666.587 1666.608 1667.354 1666.57 1667.309 1667.144 1667.788 1667.686 1668.369 1668.26 1668.26 1668.217 1668.775 1668.672 1669.26 1669.115 1669.641 1669.515 1669.515 1669.25 1669.686 1669.411 1669.775 1669.429 1669.84 1669.303 1669.551 1669.201 1669.542 1669.127 1669.356 1669.055 1669.51 1668.931 1669.302 1668.953
1670.335 1667.827 1664.122 1664.797 1660.915 1658.4 1654.477 1652.2 1647.424 1645.666 1642.234 1643.604 1641.304 1640.07 1642.811 1643.647 1648.009 1651.278 1651.278 1654.2 1657.612 1659.305 1660.65 1661.349 1662.551 1661.805 1662.953 1663.477 1664.635 1665.113 1666.12 1666.378 1667.168 1666.529 1667.309 1667.374 1668.076 1668.057 1668.728 1668.547 1668.547 1668.442 1669.085 1668.978 1669.623 1669.471 1670.124 1669.984 1669.984 1669.861 1670.418 1670.207 1670.764 1670.455 1670.854 1670.073 1670.481 1670.139 1670.472 1670.174 1670.458 1670.16 1670.457 1669.751 1670.052 1669.727 1670.125 1669.843 1670.193 1669.923
1670.193 1667.445 1663.797 1660.231 1656.227 1653.026 1648.711 1650.26 1646.062 1643.883 1642.724 1642.801 1646.471 1646.52 1646.52 1646.451 1650.196 1652.671 1656.696 1658.338 1660.305 1661.163 1661.163 1661.986 1663.201 1663.68 1664.818 1665.255 1666.308 1665.727 1666.717 1667.002 1667.714 1667.885 1668.634 1668.781 1669.472 1668.76 1669.49 1669.377 1670.056 1669.863 1670.569 1670.456 1670.456 1670.248 1670.88 1670.721 1671.24 1671.137 1671.551 1671.379 1671.379 1671.192 1671.493 1671.193 1671.49 1671.152 1671.402 1670.803 1671.127 1670.784 1671.123 1670.777 1671.066 1670.737 1671.042 1670.463 1670.805 1670.547
1667.254 1663.686 1659.936 1659.994 1655.884 1651.843 1647.382 1645.048 1644.419 1644.231 1647.44 1645.132 1649.314 1649.729 1652.875 1653.271 1656.663 1658.038 1658.038 1659.256 1660.866 1661.675 1663.046 1663.814 1664.953 1664.405 1665.482 1665.909 1666.859 1667.24 1668.037 1668.227 1669.019 1668.47 1669.249 1669.409 1670.227 1670.267 1671.055 1670.906 1670.906 1670.755 1671.345 1671.182 1671.719 1671.541 1672.009 1671.839 1671.839 1671.739 1672.158 1671.948 1672.339 1672.075 1672.372 1671.741 1672.039 1671.751 1671.985 1671.653 1671.914 1671.655 1671.919 1671.398 1671.656 1671.305 1671.549 1671.31 1671.64 1671.4
1667.254 1663.537 1659.936 1655.958 1651.155 1646.842 1644.907 1644.907 1644.419 1646.275 1647.44 1651.591 1652.756 1655.902 1652.875 1655.997 1656.663 1659.164 1660.139 1661.506 1662.29 1663.653 1663.046 1664.358 1664.953 1666.083 1666.537 1667.484 1667.738 1667.738 1668.037 1668.733 1669.019 1669.866 1670.095 1670.931 1671.026 1671.026 1671.055 1671.639 1671.477 1671.991 1671.863 1672.33 1671.719 1672.207 1672.009 1672.496 1672.354 1672.774 1672.503 1672.899 1672.339 1672.7 1672.372 1672.62 1672.32 1672.517 1672.247 1672.247 1671.914 1672.259 1671.919 1672.18 1671.878 1672.075 1671.806 1671.806 1671.64 1671.919
1663.816 1660.32 1656.56 1656.56 1651.382 1647.317 1645.708 1647.268 1648.572 1652.67 1654.546 1654.546 1655.582 1658.574 1658.743 1660.202 1660.405 1661.761 1660.832 1662.272 1662.929 1664.384 1664.969 1666.27 1666.733 1666.733 1667.097 1667.994 1668.298 1669.103 1669.329 1670.118 1670.394 1670.394 1670.677 1671.474 1671.678 1672.322 1672.303 1672.875 1672.143 1672.664 1672.511 1673.005 1672.842 1673.361 1673.139 1673.574 1672.966 1673.388 1673.123 1673.464 1673.269 1673.583 1673.239 1673.239 1672.88 1673.144 1672.79 1673.145 1672.878 1673.17 1672.794 1672.794 1672.44 1672.662 1672.324 1672.582 1672.404 1672.7
1664.08 1660.656 1657.286 1654.537 1649.334 1648.861 1648.78 1648.78 1650.573 1654.607 1656.966 1659.83 1660.033 1661.217 1660.093 1661.294 1661.424 1662.801 1663.159 1664.532 1665.09 1666.302 1665.675 1666.813 1667.277 1668.283 1668.651 1669.556 1669.74 1669.74 1669.966 1670.815 1670.994 1671.816 1672.008 1672.75 1672.885 1672.885 1672.925 1673.517 1673.395 1673.909 1673.717 1674.177 1673.476 1673.945 1673.823 1674.233 1674 1674.344 1674.084 1674.393 1673.768 1674.149 1673.855 1674.114 1673.76 1674.016 1673.726 1673.726 1673.497 1673.784 1673.361 1673.562 1673.208 1673.464 1673.12 1673.12 1672.84 1673.175
1661.014 1658.103 1655.696 1655.696 1651.812 1651.651 1650.77 1653.8 1656.005 1658.91 1660.28 1660.28 1661.023 1662.208 1662.416 1663.633 1663.822 1665.042 1664.111 1665.326 1665.798 1666.917 1667.433 1668.487 1668.903 1668.903 1669.268 1670.282 1670.427 1671.301 1671.456 1672.152 1672.325 1672.325 1672.591 1673.322 1673.502 1674.164 1674.146 1674.728 1674.041 1674.624 1674.442 1674.9 1674.599 1675.052 1674.906 1675.302 1674.616 1675.015 1674.69 1675.056 1674.688 1675.026 1674.725 1674.725 1674.374 1674.634 1674.276 1674.671 1674.402 1674.604 1674.151 1674.151 1673.78 1673.964 1673.714 1673.885 1673.617 1673.828
1661.216 1658.103 1656.22 1654.488 1654.021 1653.249 1655.543 1653.8 1657.145 1658.91 1660.651 1661.688 1662.914 1663.35 1663.35 1663.633 1664.791 1665.042 1666.192 1666.499 1667.541 1667.96 1667.96 1668.487 1669.525 1669.956 1670.931 1671.209 1671.917 1671.301 1672.074 1672.152 1672.853 1673.114 1673.899 1674.021 1674.716 1674.164 1674.764 1674.728 1675.271 1675.103 1675.589 1675.325 1675.325 1675.052 1675.498 1675.302 1675.675 1675.37 1675.677 1675.298 1675.298 1675.026 1675.37 1674.983 1675.25 1674.894 1675.196 1674.671 1675.009 1674.604 1674.756 1674.316 1674.506 1674.217 1674.42 1673.885 1674.127 1673.828
1658.817 1656.742 1655.764 1655.251 1655.131 1655.406 1656.874 1657.89 1659.857 1661.068 1662.612 1662.115 1663.502 1664.135 1665.379 1665.678 1666.815 1667.018 1667.018 1667.227 1668.255 1668.582 1669.627 1670.126 1671.168 1670.592 1671.515 1671.768 1672.544 1672.69 1673.393 1673.457 1674.224 1673.622 1674.368 1674.639 1675.333 1675.381 1675.992 1675.963 1675.963 1675.777 1676.241 1676.053 1676.479 1676.164 1676.524 1676.346 1676.346 1676.025 1676.286 1675.983 1676.255 1675.961 1676.321 1675.642 1675.86 1675.505 1675.718 1675.589 1675.779 1675.31 1675.444 1674.896 1675.097 1674.766 1675.037 1674.669 1674.933 1674.662
1658.762 1656.945 1655.925 1655.88 1657.017 1657.986 1659.086 1658.402 1660.165 1661.467 1663.067 1664.044 1665.536 1666.142 1666.142 1666.55 1667.626 1667.805 1668.782 1668.99 1669.95 1670.251 1670.251 1670.684 1671.619 1672.023 1672.834 1673.061 1673.85 1673.315 1674.015 1674.157 1674.885 1674.966 1675.652 1675.768 1676.444 1676.016 1676.625 1676.601 1677.134 1676.947 1677.422 1677.197 1677.197 1676.909 1677.307 1676.989 1677.346 1677.014 1677.379 1676.992 1676.992 1676.534 1676.897 1676.525 1676.78 1676.326 1676.645 1676.127 1676.402 1675.866 1676.098 1675.679 1675.993 1675.615 1675.896 1675.297 1675.553 1675.193
1656.964 1655.98 1656.208 1656.208 1657.017 1658.177 1659.086 1660.632 1661.828 1663.543 1664.645 1664.645 1665.536 1666.89 1667.376 1668.44 1668.666 1669.723 1668.782 1669.839 1669.95 1670.9 1671.236 1672.13 1672.484 1672.484 1672.834 1673.666 1673.85 1674.625 1674.789 1675.511 1675.573 1675.573 1675.652 1676.344 1676.444 1677.055 1677.225 1677.824 1677.134 1677.633 1677.422 1677.953 1677.626 1678.066 1677.677 1678.086 1677.346 1677.75 1677.379 1677.704 1677.23 1677.505 1677.255 1677.255 1676.78 1677.047 1676.645 1677.021 1676.555 1676.817 1676.399 1676.399 1675.993 1676.235 1675.896 1676.198 1675.815 1676.073
1656.873 1656.008 1656.278 1657.348 1658.412 1659.885 1661.095 1661.095 1662.245 1663.886 1665.123 1666.715 1667.488 1668.673 1668.069 1669.146 1669.49 1670.56 1670.747 1671.59 1671.668 1672.432 1671.784 1672.645 1673.004 1673.837 1674.125 1674.974 1675.148 1675.148 1675.333 1676.095 1676.192 1676.936 1677.066 1677.762 1677.727 1677.727 1677.73 1678.358 1678.362 1678.875 1678.678 1679.172 1678.407 1678.781 1678.475 1678.852 1678.425 1678.758 1678.422 1678.678 1677.955 1678.216 1677.851 1678.173 1677.773 1677.944 1677.627 1677.627 1677.307 1677.535 1677.115 1677.347 1676.982 1677.254 1676.851 1676.851 1676.451 1676.693
1656.064 1656.556 1657.557 1657.557 1658.652 1660.192 1661.549 1663.226 1664.463 1666.093 1667.105 1667.105 1668.012 1669.289 1669.889 1671.01 1671.386 1672.131 1671.526 1672.224 1672.299 1673.051 1673.207 1674.038 1674.362 1674.362 1674.642 1675.493 1675.682 1676.449 1676.647 1677.398 1677.558 1677.558 1677.697 1678.393 1678.451 1679.074 1679.053 1679.664 1678.958 1679.511 1679.404 1679.906 1679.575 1679.939 1679.574 1679.835 1679.125 1679.439 1679.108 1679.382 1678.927 1679.127 1678.716 1678.716 1678.436 1678.666 1678.261 1678.617 1678.193 1678.441 1677.952 1677.952 1677.635 1677.867 1677.462 1677.682 1677.297 1677.512
1656.186 1657.095 1657.844 1659.491 1660.634 1662.554 1663.762 1663.762 1665.024 1666.608 1667.575 1668.985 1669.828 1671.042 1670.59 1671.617 1671.863 1672.644 1672.83 1673.52 1673.71 1674.392 1673.834 1674.611 1674.88 1675.658 1675.922 1676.707 1676.967 1676.967 1677.242 1677.964 1678.149 1678.837 1679.017 1679.703 1679.693 1679.693 1679.682 1680.287 1680.219 1680.731 1680.528 1680.95 1680.319 1680.666 1680.281 1680.619 1680.159 1680.477 1679.998 1680.213 1679.581 1679.801 1679.352 1679.593 1679.269 1679.438 1679.167 1679.167 1678.855 1679.064 1678.611 1678.781 1678.5 1678.626 1678.322 1678.322 1677.867 1678.012
1657.926 1658.552 1660.404 1659.491 1661.362 1662.554 1664.471 1665.488 1667.085 1668.073 1669.48 1668.985 1670.401 1671.042 1672.038 1672.379 1673.175 1673.43 1673.43 1673.52 1674.284 1674.392 1675.125 1675.392 1676.177 1675.658 1676.443 1676.707 1677.495 1677.761 1678.485 1678.703 1679.463 1678.837 1679.535 1679.703 1680.316 1680.293 1680.966 1680.894 1680.894 1680.731 1681.254 1680.95 1681.372 1681.075 1681.379 1680.917 1680.917 1680.477 1680.69 1680.213 1680.535 1680.005 1680.181 1679.593 1679.886 1679.438 1679.633 1679.4 1679.55 1679.228 1679.31 1678.781 1679 1678.626 1678.849 1678.462 1678.559 1678.177
1659.475 1659.894 1662.044 1662.475 1664.55 1665.313 1666.864 1666.123 1667.524 1668.488 1669.907 1670.832 1671.94 1672.471 1672.471 1672.918 1673.751 1673.944 1674.733 1674.839 1675.533 1675.694 1675.694 1675.91 1676.696 1676.962 1677.736 1678.009 1678.724 1678.205 1678.949 1679.223 1679.978 1680.154 1680.848 1680.923 1681.623 1680.992 1681.633 1681.623 1682.184 1681.974 1682.506 1682.181 1682.181 1681.806 1682.167 1681.631 1681.902 1681.413 1681.583 1681.091 1681.091 1680.708 1680.815 1680.416 1680.616 1680.125 1680.275 1679.869 1680.064 1679.668 1679.763 1679.46 1679.686 1679.362 1679.508 1679.052 1679.115 1678.682
