last_chance_experiments/DEMs/lc1dem_rotate.txt
ncols	249																																																																																																																																																																																																																																																							
nrows	143																																																																																																																																																																																																																																																							
xllcorner	-104.8191458																																																																																																																																																																																																																																																							
yllcorner	32.14636285																																																																																																																																																																																																																																																							
cellsize	1.00E+01																																																																																																																																																																																																																																																							
NODATA_value	-9999																																																																																																																																																																																																																																																							
[rows 31 to 61 of 143, columns 140 to 209 of 249]
-9999 -9999 -9999 -9999 -9999 -9999 -9999 -9999 -9999 -9999 -9999 -9999 -9999 -9999 -9999 -9999 -9999 -9999 -9999 -9999 -9999 -9999 -9999 -9999 -9999 -9999 -9999 1661.052 1660.767 1659.622 1659.036 1656.775 1655.983 1654.537 1653.451 1650.287 1649.313 1646.369 1645.829 1642.651 1642.651 1639.149 1638.295 1634.45 1633.473 1625.024 1622.797 1616.103 1616.103 1608.743 1605.212 1594.987 1589.901 1581.761 1577.947 1575 1571.001 1563.693 1559.62 1553.131 1548.83 1545.724 1549.724 1550.412 1556.603 1561.444 1564.779 1565.974 1571.51 1572.73
-9999 -9999 -9999 -9999 -9999 -9999 -9999 -9999 -9999 -9999 -9999 -9999 -9999 -9999 -9999 -9999 -9999 -9999 -9999 -9999 -9999 -9999 -9999 -9999 -9999 -9999 1662.527 1661.513 1661.253 1660.432 1660.039 1658.328 1657.581 1655.149 1654.228 1651.422 1650.582 1648.57 1647.944 1645.127 1644.075 1640.894 1639.773 1637.115 1637.115 1632.078 1630.174 1620.528 1617.79 1610.246 1605.16 1595.016 1595.016 1585.163 1580.958 1573.912 1569.746 1562.445 1558.444 1555.546 1551.3 1546.564 1548.977 1555.411 1560.7 1565.554 1569.316 1568.361 1572.665 1575.669
-9999 -9999 -9999 -9999 -9999 -9999 -9999 -9999 -9999 -9999 -9999 -9999 -9999 -9999 -9999 -9999 -9999 -9999 -9999 -9999 -9999 -9999 -9999 -9999 -9999 -9999 1663.065 1662.265 1662.095 1661.167 1660.744 1659.061 1658.664 1656.895 1656.106 1653.352 1652.363 1649.677 1648.596 1645.927 1645.927 1643.024 1641.656 1638.87 1638.16 1635.902 1633.728 1622.688 1622.688 1613.965 1609.099 1599.887 1594.315 1584.526 1579.484 1576.575 1572.236 1565.711 1562.091 1553.714 1549.166 1548.499 1552.905 1554.088 1559.128 1565.14 1569.869 1573.517 1578.325 1582.426
-9999 -9999 -9999 -9999 -9999 -9999 -9999 -9999 -9999 -9999 -9999 -9999 -9999 -9999 -9999 -9999 -9999 -9999 -9999 -9999 -9999 -9999 -9999 -9999 -9999 1663.573 1663.807 1663.239 1663.456 1662.332 1662.27 1660.386 1659.974 1658.133 1657.19 1654.121 1652.547 1651.139 1649.757 1647.242 1645.462 1642.945 1640.952 1638.92 1638.92 1637.339 1636.183 1629.023 1621.804 1611.866 1606.269 1598.254 1598.254 1588.941 1583.421 1574.368 1570.564 1565.286 1562.092 1557.716 1551.728 1548.532 1551.754 1557.552 1562.655 1569.909 1574.92 1574.338 1578.882 1583.13
-9999 -9999 -9999 -9999 -9999 -9999 -9999 -9999 -9999 -9999 -9999 -9999 -9999 -9999 -9999 -9999 -9999 -9999 -9999 -9999 -9999 -9999 -9999 -9999 1664.192 1664.192 1663.807 1664.168 1663.456 1663.565 1661.885 1661.519 1659.612 1659.612 1657.19 1655.908 1652.547 1650.663 1648.134 1646.108 1645.462 1643.514 1640.952 1639.108 1637.729 1635.583 1631.94 1622.108 1621.804 1613.585 1606.269 1601.355 1593.062 1587.866 1577.372 1577.372 1570.564 1567.586 1562.092 1557.015 1549.118 1551.093 1556.113 1556.113 1562.655 1569.132 1574.92 1579.394 1583.584 1588.949
-9999 -9999 -9999 -9999 -9999 -9999 -9999 -9999 -9999 -9999 -9999 -9999 -9999 -9999 -9999 -9999 -9999 -9999 -9999 -9999 -9999 -9999 -9999 -9999 1664.925 1665.087 1664.905 1665.11 1664.507 1664.507 1663.644 1663.202 1661.106 1660.289 1657.76 1655.717 1651.966 1651.966 1648.755 1646.618 1643.876 1641.024 1638.769 1636.776 1637.529 1633.877 1629.884 1620.254 1614.168 1608.275 1603.167 1598.524 1596.428 1591.127 1581.52 1574.647 1569.2 1566.035 1561.015 1561.015 1552.472 1551.587 1554.986 1559.003 1567.283 1573.811 1579.366 1579.366 1584.046 1589.357
-9999 -9999 -9999 -9999 -9999 -9999 -9999 -9999 -9999 -9999 -9999 -9999 -9999 -9999 -9999 -9999 -9999 -9999 -9999 -9999 -9999 -9999 -9999 -9999 1665.507 1665.507 1665.307 1665.452 1665.064 1664.757 1664.068 1662.796 1661.339 1661.339 1659.121 1657.21 1653.301 1650.618 1647.371 1644.535 1644.157 1641.028 1638.29 1635.336 1631.924 1623.405 1618.385 1612.534 1613.689 1608.1 1603.531 1598.722 1592.846 1586.547 1578.003 1578.003 1570.655 1567.293 1562.979 1558.206 1552.6 1553.322 1556.951 1556.951 1564.047 1571.01 1578.553 1583.363 1589.283 1594.782
-9999 -9999 -9999 -9999 -9999 -9999 -9999 -9999 -9999 -9999 -9999 -9999 -9999 -9999 -9999 -9999 -9999 -9999 -9999 -9999 -9999 -9999 -9999 -9999 -9999 1665.649 1665.357 1665.191 1664.664 1664.664 1664.238 1662.783 1661.525 1660.376 1658.099 1655.139 1651.087 1651.087 1647.913 1644.801 1641.046 1637.348 1633.575 1627.151 1629.375 1620.861 1616.611 1611.208 1607.051 1601.989 1598.063 1592.053 1592.945 1586.796 1580.64 1575.158 1568.772 1564.551 1559.556 1559.556 1553.812 1553.299 1555.946 1558.138 1565.249 1571.776 1581.625 1581.625 1588.522 1593.776
-9999 -9999 -9999 -9999 -9999 -9999 -9999 -9999 -9999 -9999 -9999 -9999 -9999 -9999 -9999 -9999 -9999 -9999 -9999 -9999 -9999 -9999 -9999 -9999 1665.762 1665.649 1665.425 1665.191 1664.471 1663.454 1662.583 1661.514 1660.4 1660.376 1658.547 1655.139 1651.883 1648.304 1645.049 1640.99 1640.99 1637.348 1632.501 1627.151 1619.359 1614.655 1608.895 1605.296 1605.296 1601.989 1596.376 1592.053 1585.849 1581.307 1576.084 1575.158 1570.263 1564.551 1560.411 1555.299 1553.979 1555.986 1558.64 1558.138 1560.297 1571.776 1577.962 1587.004 1592.301 1599.434
-9999 -9999 -9999 -9999 -9999 -9999 -9999 -9999 -9999 -9999 -9999 -9999 -9999 -9999 -9999 -9999 -9999 -9999 -9999 -9999 1666.368 1666.197 1666.197 1665.914 1665.719 1665.482 1665.058 1664.374 1663.408 1663.344 1662.491 1661.61 1660.415 1658.628 1655.985 1652.368 1649.05 1648.66 1645.243 1640.904 1636.202 1631.71 1624.931 1618.381 1618.381 1612.701 1606.369 1602.634 1594.986 1592.047 1585.308 1583.921 1583.921 1580.535 1575.56 1570.753 1564.985 1560.754 1557.494 1556.669 1555.176 1556.46 1559.987 1561.544 1566.754 1572.736 1579.16 1583.923 1589.154 1597.751
-9999 -9999 -9999 -9999 -9999 -9999 -9999 -9999 -9999 -9999 -9999 -9999 -9999 -9999 -9999 -9999 -9999 -9999 -9999 -9999 1666.505 1666.241 1666.069 1665.819 1665.444 1665.375 1664.949 1664.27 1663.394 1662.527 1661.485 1660.409 1658.85 1658.794 1656.289 1652.766 1649.368 1645.462 1641.178 1636.118 1636.118 1630.772 1624.188 1617.463 1609.642 1604.028 1596.7 1590.767 1590.767 1586.967 1581.382 1580.987 1576.799 1574.177 1568.974 1570.185 1564.416 1560.626 1557.734 1556.066 1557.406 1560.792 1566.124 1564.455 1570.691 1571.857 1578.724 1584.738 1590.158 1600.548
-9999 -9999 -9999 -9999 -9999 -9999 -9999 -9999 -9999 -9999 -9999 -9999 -9999 -9999 -9999 -9999 -9999 -9999 -9999 1666.6 1666.349 1666.055 1666.069 1665.775 1665.444 1664.956 1664.168 1663.374 1662.53 1662.53 1661.485 1660.387 1658.85 1656.546 1653.066 1649.661 1645.738 1645.738 1641.178 1636.55 1630.409 1623.581 1616.55 1608.692 1609.642 1602.347 1596.7 1588.427 1583.553 1578.987 1577.906 1574.101 1576.799 1572.375 1568.974 1563.433 1560.246 1558.013 1556.701 1556.701 1557.406 1561.062 1566.124 1573.189 1576.621 1583.068 1584.348 1584.348 1590.158 1597.266
-9999 -9999 -9999 -9999 -9999 -9999 -9999 -9999 -9999 -9999 -9999 -9999 -9999 -9999 -9999 -9999 -9999 1666.754 1666.768 1666.602 1666.384 1666.004 1665.692 1665.321 1664.881 1664.881 1664.264 1663.564 1662.526 1661.533 1660.361 1659.068 1656.776 1656.776 1653.458 1650.037 1646.021 1641.96 1637.031 1630.63 1630.463 1623.02 1615.978 1608.448 1601.769 1594.714 1587.683 1580.851 1581.792 1576.759 1575.185 1571.75 1570.363 1565.923 1562.185 1562.185 1559.765 1558.728 1557.774 1558.878 1560.599 1565.255 1573.002 1573.002 1579.753 1585.719 1588.544 1593.049 1595.882 1601.582
-9999 -9999 -9999 -9999 -9999 -9999 -9999 -9999 -9999 -9999 -9999 -9999 -9999 -9999 -9999 -9999 1666.959 1666.697 1666.516 1666.262 1666.001 1665.508 1665.546 1665.108 1664.871 1664.337 1663.667 1662.977 1661.775 1661.775 1660.434 1659.308 1657.118 1654.402 1650.731 1647.491 1642.509 1642.509 1637.495 1631.092 1622.825 1615.415 1608.331 1602.124 1601.947 1594.984 1587.701 1580.128 1575.153 1571.483 1570.183 1567.371 1568.508 1565.127 1561.532 1560.144 1559.563 1563.408 1563.034 1563.034 1561.121 1566.202 1571.091 1577.353 1585.886 1591.188 1595.762 1595.762 1597.883 1602.649
-9999 -9999 -9999 -9999 -9999 -9999 -9999 -9999 -9999 -9999 -9999 -9999 -9999 -9999 1667.251 1667.067 1666.807 1666.64 1666.508 1666.277 1665.896 1665.448 1665.018 1664.55 1664.124 1664.124 1663.654 1662.883 1662.048 1660.92 1659.684 1658.157 1654.945 1654.945 1651.425 1648.304 1643.396 1638.761 1631.658 1623.849 1623.189 1615.739 1608.529 1602.404 1595.333 1587.839 1579.974 1573.744 1574.07 1570.906 1569.241 1567.016 1564.469 1566.4 1564.516 1564.516 1562.39 1568.986 1570.769 1576.487 1572.442 1575.207 1574.745 1574.745 1584.179 1590.203 1596.251 1601.061 1604.786 1609.82
-9999 -9999 -9999 -9999 -9999 -9999 -9999 -9999 -9999 -9999 -9999 -9999 -9999 1667.351 1667.351 1667.067 1666.917 1666.64 1666.342 1665.908 1665.462 1665.026 1665.026 1664.55 1663.95 1663.529 1662.864 1662.055 1661.081 1660.92 1659.899 1658.157 1655.575 1652.218 1649.201 1644.43 1639.807 1638.761 1632.441 1623.849 1616.294 1608.89 1602.754 1595.819 1595.819 1587.839 1580.363 1573.744 1570.878 1569.001 1568.726 1566.995 1566.995 1566.4 1571.36 1568.008 1573.753 1577.034 1582.049 1576.487 1579.758 1575.207 1577.837 1581.289 1586.933 1595.376 1600.472 1601.061 1605.63 1609.82
-9999 -9999 -9999 -9999 -9999 -9999 -9999 -9999 -9999 -9999 -9999 -9999 -9999 1667.453 1667.286 1667.098 1666.855 1666.523 1666.523 1665.973 1665.589 1665.058 1664.68 1664.066 1663.541 1663.426 1662.924 1662.122 1661.175 1660.087 1658.794 1656.193 1653.738 1653.013 1650.271 1645.553 1641.044 1633.453 1625.385 1616.976 1616.976 1609.447 1603.412 1596.342 1589.481 1581.778 1576.291 1572.235 1572.235 1571.321 1575.586 1573.844 1581.085 1579.477 1584.616 1575.685 1579.677 1581.16 1586.842 1586.006 1588.613 1584.435 1585.632 1581.207 1583.769 1592.062 1598.44 1605.359 1610.746 1616.232
-9999 -9999 -9999 -9999 -9999 -9999 -9999 -9999 -9999 -9999 -9999 -9999 1667.665 1667.376 1667.376 1667.169 1666.93 1666.509 1666.226 1665.727 1665.331 1664.732 1664.732 1664.183 1663.658 1662.943 1662.293 1661.228 1660.293 1660.207 1659.043 1656.708 1654.337 1651.153 1648.376 1642.792 1636.011 1634.647 1626.254 1617.647 1611.38 1604.228 1598.046 1590.515 1590.515 1583.099 1577.588 1574.791 1578.854 1581.361 1588.334 1588.73 1588.73 1587.758 1592.076 1587.176 1590.568 1590.969 1595.85 1591.255 1594.792 1590.728 1592.603 1586.663 1589.766 1595.127 1600.303 1603.774 1609.441 1615.965
-9999 -9999 -9999 -9999 -9999 -9999 -9999 -9999 -9999 -9999 -9999 -9999 1667.762 1667.474 1667.237 1666.966 1666.661 1666.228 1666.228 1665.841 1665.334 1664.901 1664.46 1663.844 1663.176 1663.055 1662.382 1661.452 1660.443 1659.239 1657.604 1654.743 1652.145 1651.756 1649.027 1643.953 1637.608 1627.347 1618.705 1612.193 1612.193 1605.05 1598.739 1591.62 1585.668 1578.923 1577.804 1581.343 1581.343 1585.122 1592.183 1595.012 1600.387 1598.906 1602.146 1594.561 1596.726 1594.911 1599.816 1599.956 1602.948 1599.357 1601.591 1594.506 1596.357 1593.953 1597.782 1606.614 1612.74 1620.504
-9999 -9999 -9999 -9999 -9999 -9999 -9999 -9999 -9999 -9999 -9999 1667.876 1667.588 1667.445 1667.237 1667.096 1666.661 1666.215 1665.83 1665.453 1664.933 1664.543 1664.46 1663.873 1663.176 1662.402 1661.536 1660.536 1659.378 1659.378 1657.604 1655.15 1652.145 1649.325 1644.823 1638.725 1628.744 1628.744 1618.705 1613.014 1605.942 1599.566 1592.743 1587.149 1585.668 1580.386 1577.804 1583.046 1588.113 1595.709 1598.971 1605.605 1600.387 1605.303 1602.146 1605.036 1599.714 1604.248 1604.253 1604.253 1602.948 1605.364 1601.591 1603.386 1597.908 1600.177 1604.488 1604.488 1612.74 1619.442
-9999 -9999 -9999 -9999 -9999 -9999 -9999 -9999 -9999 -9999 1667.945 1667.945 1667.731 1667.601 1667.187 1666.875 1666.366 1665.938 1665.798 1665.457 1665.09 1664.591 1664.04 1663.346 1662.459 1662.459 1661.556 1660.616 1659.5 1658.068 1655.438 1652.742 1649.599 1649.599 1645.348 1639.419 1629.979 1620.648 1613.829 1607.717 1606.833 1600.129 1593.759 1588.41 1581.982 1580.43 1584.018 1590.678 1589.955 1597.42 1602.892 1609.448 1610.885 1614.709 1612.38 1612.38 1607.73 1609.878 1608.49 1612.932 1611.134 1613.685 1609.69 1609.69 1604.713 1606.162 1604.668 1608.92 1617.579 1625.658
-9999 -9999 -9999 -9999 -9999 -9999 -9999 -9999 -9999 -9999 1668.047 1668.093 1667.784 1667.594 1667.393 1667.152 1666.533 1666.115 1665.539 1665.075 1664.705 1663.955 1664 1663.255 1662.566 1661.63 1660.552 1659.482 1658.104 1658.104 1655.61 1652.909 1649.882 1646.169 1640.07 1631.396 1621.464 1621.464 1614.413 1608.109 1600.701 1595.121 1589.521 1584.853 1583.449 1581.59 1584.594 1591.074 1598.054 1606.427 1612.241 1618.423 1614.836 1619.3 1617.801 1620.59 1616.385 1618.701 1617.677 1617.677 1617.276 1620.434 1615.931 1617.635 1612.365 1613.092 1610.133 1610.133 1615.37 1622.757
-9999 -9999 -9999 -9999 -9999 -9999 -9999 -9999 -9999 -9999 1668.304 1668.304 1668.058 1667.809 1667.351 1666.949 1666.289 1665.756 1665.62 1665.076 1664.588 1663.885 1663.199 1662.287 1661.55 1661.55 1660.505 1659.305 1657.913 1655.553 1652.885 1649.956 1646.372 1646.372 1640.291 1631.681 1621.98 1615.16 1608.404 1601.276 1601.164 1595.382 1590.463 1586.191 1582.727 1585.341 1591.336 1599.01 1598.53 1606.426 1614.012 1620.686 1623.521 1628.08 1626.825 1626.825 1623.696 1627.393 1624.044 1630.891 1627.682 1630.893 1624.589 1624.589 1618.63 1618.97 1614.1 1615.83 1619.725 1627.318
-9999 -9999 -9999 -9999 -9999 -9999 -9999 -9999 -9999 -9999 1668.441 1668.211 1668.041 1667.583 1667.583 1666.949 1666.467 1665.756 1665.141 1664.44 1663.691 1663.07 1663.07 1662.287 1661.263 1660.369 1659.256 1657.789 1655.414 1655.553 1652.868 1649.956 1646.268 1640.275 1631.564 1622.482 1615.312 1615.16 1608.567 1601.276 1595.147 1590.795 1587.048 1583.956 1583.956 1585.341 1591.742 1599.01 1606.269 1615.167 1622.849 1626.665 1626.665 1628.08 1632.744 1630.934 1634.865 1632.792 1637 1630.891 1635.053 1630.893 1632.844 1625.888 1626.423 1618.995 1619.123 1615.83 1618.156 1627.318
-9999 -9999 -9999 -9999 -9999 -9999 -9999 -9999 -9999 1668.654 1668.616 1668.353 1668.276 1667.847 1667.519 1666.663 1666.101 1665.293 1665.293 1664.343 1663.614 1662.951 1662.032 1661.09 1660.059 1660.25 1659.048 1657.57 1655.198 1652.749 1649.826 1646.121 1639.804 1640.051 1631.417 1622.698 1615.176 1608.469 1600.467 1594.24 1594.24 1589.921 1588.323 1586.529 1590.956 1593.054 1600.06 1606.243 1606.243 1615.939 1624.368 1628.933 1634.294 1636.845 1640.517 1636.342 1639.639 1638.38 1641.107 1639.406 1640.892 1638.067 1638.834 1633.71 1634.166 1626.196 1625.682 1619.599 1622.035 1631.07
-9999 -9999 -9999 -9999 -9999 -9999 -9999 -9999 -9999 -9999 1668.916 1668.539 1668.298 1667.673 1667.673 1666.951 1666.279 1665.459 1664.66 1663.675 1662.743 1661.874 1661.874 1660.986 1660.008 1658.732 1656.814 1654.954 1652.356 1652.609 1649.727 1645.903 1639.331 1631.263 1622.559 1614.793 1606.922 1607.691 1599.548 1593.279 1591.61 1591.561 1596.043 1596.903 1596.903 1597.779 1605.218 1607.049 1615.977 1624.537 1631.107 1636.093 1636.093 1639.288 1643.709 1643.583 1646.258 1644.948 1646.766 1643.193 1644.807 1641.97 1642.756 1639.306 1639.422 1633.924 1633.177 1625.414 1625.864 1627.827
-9999 -9999 -9999 -9999 -9999 -9999 -9999 -9999 -9999 1669.228 1668.799 1668.799 1668.298 1667.808 1667.129 1666.462 1665.597 1664.746 1664.66 1663.744 1662.743 1661.815 1660.882 1659.925 1658.674 1658.674 1656.814 1654.561 1652.356 1649.481 1645.493 1637.894 1630.855 1630.855 1622.559 1614.497 1606.922 1598.567 1593.536 1593.523 1591.61 1594.397 1596.043 1601.838 1603.724 1611.726 1613.28 1621.543 1615.977 1625.046 1631.107 1637.487 1641.995 1646.615 1646.913 1646.913 1646.258 1648.08 1646.766 1647.992 1645.929 1646.622 1643.189 1643.189 1639.422 1639.071 1633.177 1632.439 1628.356 1632.543
-9999 -9999 -9999 -9999 -9999 -9999 -9999 -9999 -9999 1669.477 1669.149 1668.699 1667.986 1667.311 1667.204 1666.569 1665.693 1664.905 1663.825 1662.929 1661.826 1660.78 1660.816 1659.884 1658.571 1656.173 1654.002 1651.225 1649.039 1649.039 1644.82 1637.073 1629.573 1622.077 1614.073 1605.575 1597.86 1597.86 1594.653 1596.046 1597.143 1602.876 1605.996 1612.826 1608.937 1616.475 1621.04 1628.749 1628.892 1635.648 1639.134 1645.652 1643.955 1648.3 1649.173 1651.23 1650.586 1652.056 1650.676 1650.676 1648.976 1649.765 1647.028 1647.35 1643.296 1642.935 1637.515 1637.515 1632.155 1632.781
-9999 -9999 -9999 -9999 -9999 -9999 -9999 1670.159 1669.679 1669.521 1668.931 1668.931 1668.174 1667.602 1666.691 1666.03 1665.062 1664.151 1664.047 1663.055 1661.898 1660.696 1659.764 1658.113 1655.606 1655.606 1653.261 1650.219 1648.441 1642.983 1636.082 1627.182 1620.684 1620.684 1613.15 1605.213 1597.88 1596.37 1598.37 1604.853 1601.468 1608.696 1610.27 1616.374 1619.687 1627.615 1632.791 1640.436 1635.214 1641.668 1642.19 1647.617 1649.708 1652.905 1653.459 1653.459 1653.046 1654.604 1653.401 1654.587 1652.693 1653.427 1650.734 1650.734 1647.46 1647.235 1642.463 1641.934 1636.184 1637.781
-9999 -9999 -9999 -9999 -9999 -9999 -9999 -9999 1670.082 1669.873 1669.324 1668.809 1667.968 1667.23 1666.943 1666.179 1665.096 1664.151 1663.159 1661.991 1660.703 1659.588 1659.628 1657.75 1654.773 1650.483 1648.677 1644.28 1641.133 1641.133 1634.678 1624.485 1617.65 1607.584 1603.64 1601.043 1598.92 1598.92 1600.795 1608.234 1612.824 1620.037 1621.027 1627.306 1622.613 1630.018 1636.015 1643.731 1646.076 1649.606 1650.141 1653.385 1651.358 1654.575 1655.521 1657.71 1657.105 1658.393 1657.26 1657.26 1655.485 1656.28 1653.924 1654.312 1650.868 1650.786 1646.613 1646.613 1641.656 1642.181
-9999 -9999 -9999 -9999 -9999 -9999 -9999 1670.494 1670.362 1669.643 1669.13 1668.809 1668.139 1667.23 1666.211 1665.143 1664.033 1663.205 1663.205 1661.991 1660.731 1659.588 1657.494 1653.844 1648.951 1650.483 1646.299 1644.28 1637.322 1631.531 1619.878 1613.748 1605.986 1607.584 1602.814 1601.043 1603.938 1604.467 1612.172 1616.693 1616.693 1620.037 1626.668 1627.306 1633.738 1638.677 1645.723 1648.632 1648.632 1649.606 1652.403 1653.385 1656.265 1657.303 1658.898 1657.71 1658.986 1658.393 1659.11 1658.237 1658.845 1657.135 1657.801 1654.312 1654.596 1650.786 1650.52 1646.033 1645.466 1643.63
